89
535 68
579 459
584 729
540 981
547 112
561 123
525 268
599 396
572 340
586 516
568 833
575 773
566 803
590 180
620 657
592 639
561 923
589 647
589 726
538 409
542 388
610 250
613 946
581 284
502 600
535 635
511 383
541 86
520 290
633 504
571 232
585 452
582 800
636 402
536 785
549 141
518 117
579 174
627 109
525 147
594 809
524 258
590 159
562 545
521 749
573 132
596 983
606 721
510 366
523 509
621 163
588 389
541 395
619 99
582 507
579 82
574 400
620 765
599 61
519 628
605 585
561 164
512 784
561 777
558 97
565 683
513 163
522 502
613 871
621 156
544 177
592 881
574 371
636 631
510 223
634 601
555 508
549 528
555 247
624 698
500 194
617 132
509 474
594 515
589 829
547 86
622 680
531 79
543 58
