67
6164 885
5056 384
6080 317
6067 426
5022 51
5591 120
5709 923
6067 175
5428 74
6319 587
6071 952
5503 829
6129 422
5222 776
5391 789
5239 791
5358 856
5135 320
5538 190
5758 598
6382 817
5062 377
5418 225
5388 639
6370 988
6344 437
5736 326
5181 224
6078 269
5619 588
5293 122
5585 424
6040 467
5403 441
5045 624
5434 83
6086 427
5615 418
5371 308
5208 609
5329 533
5997 450
6259 411
5550 747
6321 831
6126 587
6267 862
5749 539
5334 836
6302 180
5103 470
6325 473
6259 66
6066 337
6251 948
5512 149
5408 170
5088 747
5037 505
5991 721
5383 441
5818 903
5550 731
5067 650
5081 77
5973 852
6043 120
