989 92
95 72
91 82
95 89
93 81
94 75
97 85
91 86
99 73
91 86
92 73
93 86
96 75
97 87
90 81
96 84
99 84
93 84
90 79
97 78
92 71
97 74
96 83
96 76
92 87
95 75
99 70
98 72
97 78
92 75
99 70
100 78
100 74
97 74
91 75
94 70
92 86
94 89
91 83
97 82
96 86
96 72
96 82
96 83
90 77
94 87
99 78
98 83
99 90
99 78
96 85
99 72
90 89
91 70
97 73
95 87
91 86
95 78
91 89
96 81
95 70
97 88
100 73
98 90
99 87
97 90
93 75
90 79
94 88
96 75
96 79
95 83
100 80
100 78
100 81
97 84
91 72
100 75
91 83
93 89
100 73
97 85
92 75
95 82
90 74
96 85
90 74
93 79
95 89
97 90
99 85
98 72
98 87
