955
207
194
137
42
155
87
72
182
72
81
200
178
197
116
145
152
54
74
192
75
21
178
36
143
41
157
37
126
158
179
91
161
41
191
191
78
103
129
22
35
74
74
43
71
141
111
194
127
20
109
101
79
138
197
169
93
23
23
36
150
197
24
181
66
30
101
58
58
118
28
174
81
65
141
185
198
166
29
34
136
118
49
25
151
117
103
131
101
81
56
30
129
134
182
123
157
21
148
20
110
70
43
57
75
200
47
14
88
116
109
70
159
186
121
97
57
38
28
93
59
156
121
179
156
176
131
122
84
129
162
135
198
21
193
96
69
98
39
42
125
22
83
21
84
19
139
117
110
189
161
47
32
137
172
24
49
195
173
149
51
159
198
41
180
185
124
88
115
99
174
121
191
76
17
69
149
104
199
72
82
38
82
194
150
40
170
180
73
70
37
77
119
26
28
82
41
157
71
109
146
69
197
53
34
170
174
128
182
