803
177
117
175
172
135
176
185
175
148
143
152
125
174
143
110
157
190
118
174
163
183
129
127
144
147
158
114
199
134
154
129
193
115
192
164
165
179
119
148
103
183
145
134
124
158
122
109
121
153
193
153
139
190
196
165
104
120
125
196
128
125
127
156
185
164
162
121
146
143
187
138
158
133
166
197
179
187
132
113
147
106
114
175
174
121
173
180
168
139
170
161
169
142
167
161
149
140
193
133
127
112
114
192
148
124
103
157
141
184
175
162
103
147
183
108
124
183
111
161
156
153
110
110
150
147
200
161
200
158
182
130
105
128
154
140
186
169
144
161
147
166
132
192
118
121
115
138
177
114
143
193
173
161
175
134
199
184
111
142
131
161
194
114
100
107
121
153
199
190
108
103
182
191
159
157
129
136
101
