49158
2721
4020
2450
1822
4923
3366
2673
3179
3179
3707
4813
1630
6655
2830
5219
3756
2414
6363
1809
5392
3495
6806
3635
4371
3249
6399
5418
5071
2348
4886
7041
7432
7915
1754
5732
5024
3839
5647
2043
7936
7998
3884
3105
4599
3301
5886
2548
6999
7499
6189
2209
7701
5735
1769
6291
2203
5744
4859
6292
4030
7569
6926
3518
4574
3270
4505
2790
2338
7993
7076
3661
7157
7208
7797
6613
4545
7020
7528
7558
3047
6804
2932
7390
3560
4714
7277
7719
7116
2333
7378
6807
5419
7677
6945
4298
5326
4826
1668
3515
3115
2934
4723
5066
5982
5928
7516
5699
7659
2375
2056
4392
5361
5120
3853
5561
5199
4330
5003
4898
6061
3645
5893
3350
5532
5566
6073
6042
5696
2267
7869
6049
1699
7848
3805
6001
4946
1869
2165
2878
7688
7618
3040
6577
4467
2661
5444
2494
5914
5855
7945
3666
7887
4422
5369
1728
7185
3958
6633
5677
5524
4769
2563
5546
5600
1749
7616
7853
5589
4701
5745
6228
4186
2142
4976
5348
3500
6820
7552
2204
2082
6256
5817
7892
4806
4191
1957
7680
3472
6063
2083
7198
2781
3529
7608
5913
3117
2333
7270
6929
1957
3310
1929
1819
5356
6007
4392
7909
1672
3857
1581
2587
6684
7074
2964
3526
2798
2197
3436
6417
2505
7887
7818
4033
6475
4604
5688
7777
3690
6417
6661
7550
7347
6976
6272
7136
2386
6551
6623
5568
5070
3850
5582
5880
3893
7930
7795
3491
6242
2402
3249
3013
2038
6256
2946
2086
6987
3777
6957
3182
2716
4511
5458
3458
7753
3232
6776
4566
7922
7760
5194
3090
6737
2902
5856
3345
5770
5611
1504
2833
4883
2190
7800
3707
1892
3561
1561
5449
4927
3688
6619
6435
4098
7264
7562
6238
3508
4017
7575
7687
6014
2257
7564
5405
6342
6889
6961
1699
2063
3809
4201
2958
4225
4129
2433
2468
6154
3804
2303
6440
5499
7588
3448
1868
1754
2361
4256
1943
7641
5599
6208
7858
6821
2915
3161
5400
5710
4522
5183
5290
5882
6625
4521
7987
5111
7426
4990
4971
7907
5370
4756
5100
2671
3937
5932
4947
6866
7632
4105
3813
6183
6319
7751
5466
3567
5314
6208
5062
7629
5134
6860
6406
3926
1882
1557
7990
2352
3217
3307
3790
1562
6159
6940
5065
4554
4366
3096
4046
5226
6200
2048
4621
3083
3715
7471
4211
1807
4137
5571
2564
2291
5718
7112
7243
6277
5554
4367
6323
4957
2264
2521
4272
2610
5912
6249
3961
6563
1623
6985
7143
5837
3611
2578
1653
2592
6207
6383
5659
3192
6857
4768
3027
4549
2035
3523
1863
4608
5120
7334
2954
7949
7742
4028
3791
4965
2924
4851
5617
5287
6260
7496
3312
2173
6626
1550
2166
3332
4356
2752
3484
6082
3808
2260
6941
3235
3514
4397
4017
6390
5595
4174
5783
4246
6460
4551
4941
7374
7027
2939
4083
7326
1857
5650
5033
2770
1826
4436
6272
7836
3053
4197
7510
5726
5857
6230
1956
5484
6128
3379
4475
2720
2201
2375
7038
1649
6620
4093
1677
1505
5161
3285
6120
4954
4479
2309
5061
5314
6794
3235
5916
3518
2021
3781
6543
2590
2227
7394
2970
3885
2459
3544
6122
1683
2608
7336
3363
3082
3262
6615
2956
4691
7991
2315
6505
6887
5001
6362
3098
5669
6275
7827
7792
7887
7271
7052
1683
3768
7355
3858
3731
5555
5027
2107
3562
6796
5202
7706
2225
5125
1959
4711
4689
2615
1550
3432
6808
6649
6791
4386
6376
6894
6688
4823
2681
6630
6448
4197
6304
6303
5203
7523
7952
2928
5536
6884
6680
6619
2303
4323
4621
5500
3838
5540
4728
2183
6304
6985
2225
3733
2529
3585
2808
1640
4733
3491
2010
5505
2314
2910
4005
4071
1693
5253
3226
5733
1648
5335
6799
6041
6636
5522
5419
7514
6417
3394
1645
7120
4969
2460
6736
6732
5755
3986
5296
2738
4821
3997
5649
7224
2145
3655
7741
5954
5496
4673
4697
1502
3329
5953
4555
4073
6739
1901
7997
3146
3860
6818
5469
3576
3254
6089
6594
3484
6592
2578
5130
5508
2412
3242
1841
7764
6217
6847
3684
2529
6972
1596
5212
5456
5057
5874
3706
5307
2483
7812
1783
2225
7792
4699
2852
5555
1747
2331
3911
5210
5687
2103
1668
7691
7115
3430
3956
2762
7872
4049
3977
5856
1991
3084
5651
7750
5152
3919
5841
7378
3981
2414
4939
4221
7239
5508
2085
6219
1528
6276
2749
3473
4472
1827
2453
7307
2334
4813
7365
7483
6417
1732
2701
4288
7460
2779
6747
5783
1791
3393
5644
1612
4477
6482
4282
7316
5943
3727
5002
4508
7526
6335
3574
4066
6241
2832
6425
3206
2215
4609
4411
4268
7450
7179
4463
5047
2824
6935
7906
3686
6124
7487
1777
1985
3488
5396
5836
7458
4971
4103
5078
3041
4096
5273
6314
6742
7949
1675
3102
2082
7407
4582
6713
3142
5484
6658
6287
6840
2177
6996
1872
3103
3351
2298
1587
5408
5979
5858
2797
4160
7597
1519
6443
2168
2878
3935
3830
1567
3821
4223
7989
6790
4043
6485
4411
5457
4431
4169
4449
2037
6940
2863
5292
3488
7014
2432
2872
5332
3931
7905
6776
5484
6099
7665
7347
7897
6247
3767
6857
5049
5226
4420
2656
3380
2134
2707
4137
2202
2143
7214
4805
2239
2436
5183
3135
3361
2335
6999
2270
4988
3117
7976
3975
5450
7037
2367
6247
3381
3703
5763
7220
3896
4086
6409
7475
7427
3572
3920
5468
4294
4500
7300
3070
6637
7651
2582
5523
5567
4431
3642
5596
3604
6844
6550
6783
3952
5931
3715
6053
6216
7552
3163
5767
3113
7443
7904
4798
7114
4787
6658
1716
7783
4724
1899
4208
5293
2176
4736
4285
4994
2132
4118
2817
6194
5810
2704
7277
2805
6257
7878
3689
4005
2656
7004
3683
2691
3774
6418
4805
2211
1536
6191
3325
2049
3342
6770
6848
4532
7432
4284
4687
3297
7681
5430
1656
7941
7378
5141
1615
7678
4868
5247
5075
3008
5320
4104
6710
7703
5571
3535
2055
4926
3193
7620
3572
4244
3715
7296
6434
6410
7835
2098
4959
3702
7126
3884
3925
4855
6760
7411
4455
5752
5616
2585
2900
2274
5053
2015
7102
3379
5726
3678
4079
6979
4337
6063
2820
4982
4891
6559
2460
6885
5600
3210
7720
2343
5956
2232
5716
1660
4052
7471
6351
6650
6137
6405
6506
5607
6073
2438
7975
7344
6207
7427
2476
7424
4196
4407
3109
2320
4941
7941
2566
6555
5768
5597
4760
4620
4469
7168
4440
3610
6054
7241
2958
1890
5078
4956
7206
5589
3598
5475
5942
6616
2001
3611
6100
6104
6522
2462
5860
5588
4661
6829
4343
1643
3255
7472
3935
3002
5004
5141
3715
6225
2755
7150
2762
3783
5712
2232
5928
6026
7677
6065
2607
2204
2358
5423
2231
5433
5425
5850
4313
3337
2681
3093
6643
4168
6816
4627
5534
3834
2360
2193
2476
6342
5227
6752
7727
2803
2211
2058
1849
5918
5394
2200
7591
2124
3021
5014
3298
6560
6156
2882
4630
4367
3804
4266
6124
4067
4645
4435
7870
6382
7856
3942
6890
6209
4738
1882
1873
6659
4903
5197
2145
4902
4450
7243
4392
3399
6286
6177
3303
5319
7225
4533
1529
6414
7809
7116
2050
3730
4769
6522
7081
5744
7473
2167
5242
6191
4811
2056
6081
5578
1925
1689
6271
3828
2019
4516
7191
2580
5842
2736
5832
2745
6799
5486
4058
4943
1798
5027
7615
5315
3021
3730
2531
2596
7882
4304
3567
2811
7773
2633
2606
4134
7107
2298
2071
7955
3399
7385
3309
5233
2861
3427
6822
3279
4569
5575
3582
7494
1662
5386
7449
1639
7367
5553
1772
4256
7401
5172
6266
2044
4378
4713
7538
7588
3307
2337
3326
5063
4737
6310
2326
6466
5500
5569
5236
1648
4526
2383
2435
3627
1854
5511
2033
2383
5077
6749
4834
6056
6949
6194
2496
3493
7700
5005
5443
7879
6184
6349
4719
7220
3236
7054
1730
1784
4273
4655
6969
2885
3361
7187
1918
2788
6001
3803
4870
7029
7242
7082
2896
6252
7740
2235
4121
6954
3095
4983
6226
5854
6723
2631
7005
5042
4888
4632
2936
7737
2587
6083
7803
4713
6573
7779
3668
3526
4865
6214
7674
3271
3037
6075
3949
6060
3705
7767
5214
5628
5746
4982
7379
1822
5227
3081
3693
2366
5809
6102
3859
6287
4019
6251
5301
7952
4204
5751
7337
6075
6866
3874
5697
4382
3932
3352
1832
4777
1590
3337
6754
5520
7182
6865
4142
2539
1753
2613
6910
1604
5314
4133
7855
1898
4460
7137
3787
3464
5056
6746
5345
2239
7064
7011
4897
7800
4486
2340
4085
5533
4539
5912
7952
6846
5661
3313
4636
2632
7352
6926
5064
4966
5060
5100
7832
5037
3855
7554
5183
6612
4262
1753
1957
6171
3470
4360
5638
3259
2675
5578
4505
2444
7718
2710
7053
4420
2883
7888
3431
6307
5629
2551
2746
2568
4057
2116
7915
4298
2916
6523
4578
7120
2835
2507
7929
7684
6757
3241
3208
5406
6290
2983
2193
7972
3544
2792
3393
2175
6798
6269
6034
7175
7805
2858
6173
5640
4879
4656
6318
2613
5548
2560
3296
2280
4255
4118
4311
2120
4980
7103
4161
4658
4232
6510
4576
6623
7837
2894
2795
5672
3723
5830
5582
5420
6168
4894
3540
4957
7620
5924
7063
2302
3053
7874
7469
7473
5860
3669
7531
7639
6164
4767
1656
3329
6636
3132
7259
5253
4346
2100
6217
7050
2413
2840
6927
3356
7014
7913
5521
6280
6605
5950
6501
5618
5296
3020
7861
4376
4889
3219
6888
3248
3706
5077
5872
3787
7983
7878
2965
5025
2015
7033
1568
5957
5324
3521
3603
6995
1864
5970
1504
7218
5655
2667
4130
2833
4811
2257
5282
4005
6413
6293
4286
7231
2402
4366
5555
5068
3861
5589
1538
4836
2985
6495
2148
3035
5863
7288
3552
6630
1942
4200
7613
7171
1945
4729
2681
5320
4852
4502
5960
2664
2214
6881
2148
5319
2554
4979
7673
7225
6112
4795
5873
6000
5962
6293
1975
3169
5460
5382
4609
2182
6772
1971
4270
2644
7912
7701
7205
2456
3118
5808
6482
5267
3203
4097
4508
7182
6464
3671
6919
6088
4584
3029
5066
5252
3042
5987
7547
6952
2808
6453
7492
6697
3704
5926
6043
4057
5635
3627
6790
7935
2466
6125
7323
1666
2835
6465
2631
3226
3860
3329
6862
1994
3516
2907
3489
6181
6101
7494
3005
6541
5606
7008
4572
2882
4629
1701
2912
4782
5017
1671
6988
4125
3146
3772
1564
4287
6517
6490
4451
5356
6290
4708
3096
7892
2094
2336
3997
2817
5736
1526
6554
2985
7620
7859
2557
7981
7557
4467
7642
2946
4629
7153
3665
1604
5462
6939
5991
4289
6306
6513
7519
2090
7027
7757
5801
6783
4903
3520
3663
5803
7467
2332
7080
5127
6385
3036
7510
5385
4238
1667
5162
1754
7600
2016
5893
4542
4088
6179
4725
6978
1921
7797
1976
5089
6220
7256
6748
6080
2871
3343
7000
2968
5119
4737
4131
6116
2245
5239
2452
2406
7968
4179
2598
1678
5600
3057
4844
7539
3034
6487
7690
4884
1557
2975
7552
5646
2071
4944
2287
6732
2552
3317
4535
1536
1743
4976
7039
4701
2047
6319
5433
2606
5061
6788
3869
7421
3788
5430
6487
7999
3644
2127
6234
7494
1753
7049
1767
1819
3905
7954
6921
5688
4325
4422
1816
5608
7833
3608
3278
5315
7213
6964
6693
3682
6555
2316
6071
2277
4495
1703
5802
6834
1769
7544
5523
4727
6641
2261
3138
3801
6876
7289
6017
5092
4222
1598
2451
4921
7415
7578
2201
3623
7765
7487
6014
4936
7295
4842
5442
2238
2704
3988
5426
6601
5884
5841
6655
7314
3969
6480
5465
1905
4097
7097
6857
4978
3870
6309
5097
2492
3545
1694
7429
6257
4881
2988
6533
4421
4905
4076
5601
1761
4624
7217
6231
4178
7378
4361
1936
1684
7048
3945
2510
2296
7210
5259
3908
5822
4904
5783
2687
4052
5474
7620
6946
4442
6854
3062
6540
4963
4358
5429
3403
4038
4257
7711
5651
2205
5678
1825
7955
4851
5323
3681
6009
3540
7343
2168
5700
2579
7654
7131
7303
4738
6062
7246
7663
2094
6393
2962
5545
3921
2575
7376
2717
2194
2802
4281
1915
7488
7244
4094
1582
3205
5780
2800
5729
5720
4724
4866
6486
2076
3126
4766
2109
7956
2331
3541
6835
3090
7702
4630
7068
3929
7268
4830
2545
7774
1854
2873
4272
2903
2726
4673
5518
6086
5771
4390
6787
6817
4697
5938
1768
1825
6840
6780
3875
2431
3571
5502
4272
2109
5305
6127
3863
4086
6046
6830
5014
6011
3831
4947
3622
7654
1531
5965
7897
6857
7857
4165
7140
1642
6173
6419
1900
7648
5711
2829
7536
6515
3164
5657
7091
5294
6129
3862
5872
7709
4961
2409
1903
6933
5472
1551
1729
7867
5174
5906
5575
3364
5144
3094
5005
7473
2027
7766
3760
5268
7532
7090
1578
5132
2418
7538
2952
3908
3706
4462
4270
6382
7323
6090
4679
7091
5816
5971
6623
7274
3097
3365
5790
5527
5903
4500
4028
2898
2463
7753
6797
3056
6680
7328
4973
6573
3111
2477
4473
2358
3998
3630
5688
5966
6490
3609
5506
4348
6930
1757
3056
3080
4143
1819
5766
5098
2114
5885
2917
2604
5120
7752
7736
4463
5779
7495
4552
3253
6207
4872
7187
7477
2156
2885
4443
4485
7599
6378
7832
5198
5905
5370
4236
6353
2480
1611
7804
2310
7663
6567
2888
2631
6299
5772
4829
5673
1872
5452
7902
5080
6063
3882
5496
5295
5734
3260
4500
1632
2570
3275
7654
7069
7803
4495
5179
5002
3351
4673
1612
4209
3888
5362
2386
1750
4980
7416
4312
3095
5730
5855
6522
6169
4595
6720
1737
7717
3194
5045
4007
6561
6947
3404
2595
1529
1660
7884
7312
4302
2993
4883
2056
6404
7212
3249
4031
2727
2220
3961
6076
2280
2446
7858
7764
2742
2658
3380
6689
6835
3525
1925
5486
7266
7542
2574
3045
4415
1686
7547
6187
5622
1841
7181
3987
1958
4767
2158
5087
3516
6580
5898
3448
7174
6695
7423
5207
4981
5338
6030
5691
5379
5479
3715
6815
6796
7949
3120
2913
4912
4084
3477
2647
3803
7121
7959
6559
7194
6082
6983
7410
3224
4583
3861
4568
7523
3770
5268
2325
2150
2810
5543
5785
4117
7416
5866
7060
7952
6469
5466
6238
7929
1866
4989
3805
4807
1807
6034
6336
3864
3438
2484
2704
3742
6903
2492
7443
5646
1660
5159
2476
1694
5160
5669
6219
3891
7588
7944
6925
5827
7084
7864
6586
3506
3497
5987
4289
2335
1632
5636
5752
4801
5369
5473
6702
7090
3693
3812
5910
5265
7407
5053
2947
2065
6546
3333
6244
4390
1648
4493
2816
6083
6915
5398
4667
5419
6858
2604
4608
7086
7499
7687
1730
1712
6450
2607
6252
7388
4233
6422
3266
3064
3266
4970
4820
2383
6250
6614
7704
4231
7650
5830
7322
7825
1675
2204
7535
5491
3363
3263
1649
1506
2859
7831
4864
3428
5574
7237
5026
3035
7510
4119
5902
1834
7561
5006
5933
6447
4607
6643
5414
4338
5609
6867
5619
7570
6658
7133
1872
3746
5647
2050
5012
4250
2518
7251
6485
3813
2328
7551
2083
7687
5088
7868
3119
4985
4694
2464
7529
1522
1850
5146
4847
7377
2822
1995
5649
2468
1993
6249
5409
5039
2301
6887
7338
4692
3145
6508
5916
3800
2297
4443
2091
3984
4113
1974
2996
7168
4721
5758
5589
3431
7939
4126
4654
4889
2930
6566
1655
2286
5363
2135
6912
3455
6572
5105
2879
6957
4709
5054
4846
3676
4395
4019
2276
4790
3840
4016
4955
2083
8000
2819
3084
2717
2508
3853
7953
7520
7238
5199
6373
4757
1999
6765
4988
4164
3251
6693
4872
4488
5778
7506
4964
5139
5819
7738
6643
4966
2846
2148
3271
1731
6472
6632
6635
6483
1813
7636
2684
2247
3216
3073
6434
7734
3229
3017
3371
5653
4039
2685
5715
5507
7969
6345
4387
7680
4299
5203
5720
4484
2312
2349
5337
3184
6056
2348
7690
3452
5880
6978
2958
3956
5982
6601
2827
5566
2582
2017
1900
3710
2610
5842
6852
3764
6631
7116
5819
2120
2453
5412
3724
6164
6543
3050
2173
3862
2539
3643
6095
6095
7660
7448
4748
1956
4282
1637
7045
3941
2711
7411
2343
2568
6823
2576
2104
6312
1916
7230
5841
6095
4718
5090
6171
7870
4972
5427
2737
2349
2147
7304
7368
4245
7885
5098
6853
2483
4934
7228
2938
6152
3251
3377
2697
3295
5251
5693
4257
7423
4361
4610
