46908
6332
7537
7066
7536
7490
7434
7117
7204
7493
7325
7425
7895
7523
7239
7171
7782
7452
7571
7263
7204
7498
7964
7191
7303
7005
7903
7618
7466
7781
7133
7874
7236
7419
7889
7272
7280
7026
7891
7025
7587
7646
7127
7007
7273
7017
7515
7677
7243
7286
7989
7044
7341
7519
7983
7583
7423
7475
7909
7863
7597
7212
7173
7742
7687
7005
7708
7649
7718
7034
7093
7685
7203
7904
7845
7324
7396
7481
7855
7885
7716
7185
7826
7302
7689
7509
7693
7376
7512
7880
7150
7567
7244
7693
7651
7383
7611
7482
7016
7352
7706
7989
7431
7051
7351
7911
7061
7788
7344
7781
7426
7117
7202
7829
7386
7205
7086
7612
7114
7567
7554
7464
7091
7714
7588
7534
7659
7981
7164
7899
7256
7271
7316
7727
7136
7837
7515
7430
7788
7173
7437
7971
7906
7210
7448
7773
7386
7986
7622
7258
7489
7474
7355
7209
7756
7812
7368
7423
7933
7663
7837
7503
7049
7827
7766
7748
7492
7508
7065
7008
7930
7629
7989
7604
7801
7195
7001
7135
7548
7326
7857
7836
7385
7058
7920
7021
7401
7100
7336
7498
7908
7984
7194
7044
7099
7911
7112
7845
7652
7925
7325
7280
7100
7155
7638
7955
7256
7925
7246
7517
7590
7662
7219
7061
7423
7550
7600
7751
7966
7890
7393
7254
7154
7474
7045
7107
7206
7304
7577
7816
7358
7080
7659
7147
7907
7763
7450
7130
7537
7619
7802
7498
7942
7723
7709
7956
7069
7941
7332
7343
7473
7215
7348
7343
7347
7550
7713
7649
7039
7510
7654
7717
7314
7514
7265
7743
7583
7947
7304
7494
7308
7668
7879
7118
7824
7790
7537
7862
7947
7509
7528
7822
7112
7216
7186
7857
7232
7009
7327
7026
7318
7871
7861
7696
7840
7852
7603
7505
7376
7925
7828
7765
7035
7793
7946
7397
7811
7309
7144
7424
7564
7208
7177
7464
7372
7648
7140
7946
7083
7875
7441
7361
7571
7325
7448
7800
7974
7798
7470
7575
7827
7934
7292
7168
7545
7576
7142
7754
7315
7614
7917
7582
7001
7985
7332
7185
7714
7855
7105
7258
7423
7763
7574
7426
7428
7461
7548
7841
7948
7250
7574
7066
7412
7590
7432
7924
7343
7208
7423
7548
7695
7425
7573
7678
7074
7845
7245
7449
7380
7956
7953
7731
7756
7108
7750
7952
7798
7222
7740
7798
7071
7666
7809
7411
7693
7516
7976
7837
7362
7815
7580
7568
7871
7165
7679
7602
7035
7719
7794
7093
7349
7469
7609
7789
7551
7501
7220
7580
7082
7683
7211
7478
7325
7356
7043
7841
7210
7315
7360
7784
7649
7185
7528
7877
7157
7462
7605
7836
7718
7360
7754
7794
7570
7249
7999
7298
7690
7645
7607
7736
7322
7047
7577
7937
7369
7022
7975
7207
7793
7320
7463
7177
7631
7466
7579
7415
7875
7339
7299
7590
7173
7602
7656
7994
7721
7886
7855
7236
7690
7993
7652
7270
7189
7582
7671
7268
7903
7738
7901
7582
7712
7573
7386
7011
7437
7939
7401
7892
7628
7280
7485
7150
7284
7129
7919
7077
7820
7777
7663
7241
7153
7013
7644
7847
7526
7074
7505
7056
7498
7641
7497
7031
7957
7542
7746
7970
7631
7865
7126
7143
7145
7909
7589
7131
7722
7271
7084
7768
7389
7219
7248
7603
7688
7285
7709
7752
7537
7435
7698
7591
7106
7658
7016
7306
7109
7160
7589
7670
7475
7826
7829
7708
7294
7007
7210
7274
7537
7840
7193
7871
7233
7438
7820
7808
7972
7915
7939
7535
7141
7509
7161
7568
7889
7559
7588
7247
7592
7658
7024
7185
7135
7137
7725
7763
7582
7467
7706
7011
7663
7075
7687
7335
7427
7552
7769
7002
7318
7597
7928
7113
7764
7998
7388
7705
7218
7828
7303
7917
7824
7785
7243
7776
7746
7317
7762
7917
7554
7615
7939
7604
7461
7524
7137
7195
7585
7751
7400
7119
7784
7787
7491
7395
7172
7300
7544
7104
7620
7786
7615
7504
7697
7538
7371
7014
7650
7092
7315
7498
7760
7684
7950
7893
7288
7908
7095
7330
7290
7251
7248
7022
7764
7962
7090
7211
7665
7560
7234
7348
7123
7745
7788
7704
7433
7388
7132
7242
7165
7359
7863
7493
7354
7969
7365
7282
7814
7947
7064
7374
7919
7751
7471
7500
7958
7192
7875
7917
7598
7911
7370
7499
7927
7316
7756
7079
7297
7009
7812
7484
7663
7754
7180
7700
7972
7420
7170
7049
7439
7804
7406
7535
7360
7961
7618
7305
7254
7990
7523
7951
7335
7240
7986
7870
7100
7910
7829
7751
7349
7533
7613
7670
7685
7145
7061
7615
7662
7692
7349
7355
7018
7229
7279
7821
7189
7551
7078
7812
7690
7355
7685
7935
7274
7440
7997
7246
7289
7437
7902
7599
7397
7032
7297
7835
7560
7340
7619
7223
7293
7186
7604
7702
7982
7682
7618
7317
7471
7282
7548
7236
7256
7710
7299
7238
7906
7889
7058
7872
7055
7159
7745
7917
7459
7720
7619
7153
7348
7069
7160
7992
7593
7558
7321
7006
7100
7029
7993
7683
7577
7818
7045
7218
7470
7325
7981
7883
7384
7049
7061
7440
7957
7611
7290
7575
7816
7887
7811
7966
7427
7427
7845
7431
7737
7524
7449
7810
7704
7753
7404
7348
7584
7495
7466
7360
7508
7138
7091
7610
7820
7175
7673
7438
7696
7562
7181
7967
7995
7679
7450
7895
7764
7182
7760
7243
7314
7072
7056
7484
7964
7932
7072
7582
7225
7676
7912
7020
7524
7826
7109
7557
7133
7024
7480
7477
7659
7135
7936
7602
7283
7657
7413
7434
7884
7450
7017
7340
7382
7336
7851
7015
7789
7334
7107
7170
7905
7346
7555
7310
7035
7886
7439
7125
7780
7252
7416
7788
7433
7340
7889
7032
7452
7142
7112
7713
7051
7406
7299
7875
7940
7832
7847
7418
7807
7592
7228
7964
7568
7329
7753
7752
7695
7317
7912
7026
7188
7285
7229
7598
7929
7691
7683
7923
7574
7964
7493
7056
7818
7101
7538
7780
7023
7102
7786
7031
7342
7798
7583
7307
7593
7970
7113
7868
7786
7728
7363
7672
7555
7010
7000
7288
7092
7645
7381
7633
7512
7614
7107
7785
7384
7770
7378
7908
7541
7984
7449
7347
7950
7509
7314
7892
7724
7252
7150
7274
7284
7415
7844
7761
7157
7795
7725
7848
7984
7567
7234
7589
7505
7731
7588
7612
7715
7910
7538
7151
7501
7238
7926
7871
7253
7289
7301
7023
7874
7464
7009
7364
7157
7708
7222
7749
7395
7187
7474
7415
7701
7008
7842
7278
7869
7501
7174
7088
7128
7519
7071
7334
7336
7879
7018
7880
7861
7319
7291
7725
7700
7547
7048
7512
7961
7518
7132
7133
7605
7403
7549
7369
7201
7866
7131
7950
7937
7851
7544
7244
7389
7908
7250
7583
7400
7178
7765
7494
7630
7772
7355
7908
7109
7200
7829
7823
7470
7845
7182
7006
7109
7031
7722
7128
7900
7076
7173
7379
7705
7940
7669
7018
7120
7345
7001
7221
7118
7422
7215
7207
7720
7671
7372
7810
7415
7396
7916
7460
7731
7102
7782
7361
7126
7909
8000
7662
7466
7845
7201
7219
7979
7219
7698
7149
7272
7891
7209
7782
7694
7042
7227
7330
7945
7254
7896
7752
7564
7300
7915
7713
7630
7369
7199
7922
7274
7567
7961
7789
7453
7435
7357
7847
7254
7436
7322
7334
7368
7178
7509
7952
7432
7368
7223
7542
7688
7135
7261
7211
7769
7623
7278
7608
7040
7752
7458
7385
7091
7308
7765
7286
7708
7992
7372
7960
7688
7334
7117
7437
7036
7999
7007
7763
7142
7329
7026
7453
7198
7572
7281
7000
7466
7028
7038
7673
7992
7702
7857
7594
7538
7921
7290
7419
7010
7479
7027
7636
7526
7488
7320
7495
7897
7854
7067
7892
7520
7803
7557
7971
7329
7510
7064
7578
7706
7611
7534
7453
7136
7537
7993
7138
7374
7936
7088
7443
7826
7922
7814
7473
7417
7534
7461
7376
7763
7793
7151
7912
7728
7776
7292
7684
7973
7729
7290
7986
7544
7642
7167
7725
7560
7769
7666
7836
7665
7743
7826
7820
7002
7225
7378
7194
7937
7336
7249
7700
7349
7566
7403
7448
7936
7534
7625
7627
7192
7078
7068
7779
7928
7311
7286
7009
7979
8000
7919
7758
7493
7122
7905
7056
7516
7572
7474
7840
7920
7011
7356
7259
7647
7336
7797
7343
7989
7114
7230
7495
7083
7481
7986
7431
7240
7783
7685
7400
7719
7823
7364
7502
7039
7191
7003
7375
7067
7650
7406
7870
7632
7671
7599
7419
7830
7201
7292
7184
7886
7382
7424
7349
7354
7781
7183
7409
7790
7429
7001
7895
7251
7430
7627
7481
7165
7647
7356
7454
7142
7869
7299
7122
7875
7262
7212
7725
7603
7979
7502
7151
7309
7595
7144
7572
7420
7592
7038
7616
7411
7025
7914
7572
7679
7952
7451
7360
7069
7881
7152
7279
7109
7533
7396
7797
7113
7633
7181
7235
7839
7136
7683
7260
7369
7381
7489
7816
7014
7753
7028
7875
7028
7851
7316
7119
7269
7566
7045
7387
7103
7777
7349
7185
7605
7189
7099
7876
7148
7565
7776
7046
7285
7628
7312
7796
7670
7679
7778
7463
7405
7417
7493
7348
7316
7328
7912
7321
7231
7484
7536
7088
7003
7730
7474
7609
7825
7751
7570
7725
7743
7331
7592
7621
7699
7645
7240
7955
7228
7735
7971
7799
7007
7174
7915
7060
7607
7845
7792
7502
7075
7429
7000
7798
7702
7309
7143
7910
7769
7798
7017
7437
7311
7783
7566
7801
7577
7322
7464
7455
7377
7791
7772
7008
7388
7074
7861
7918
7037
7381
7700
7101
7329
7057
7178
7424
7443
7264
7098
7726
7536
7700
7220
7505
7819
7876
7684
7756
7864
7351
7430
7316
7713
7710
7308
7667
7263
7448
7391
8000
7600
7598
7100
7167
7183
7850
7866
7388
7513
7711
7101
7758
7232
7975
7714
7828
7760
7770
7214
7414
7265
7243
7577
7649
7353
7500
7609
7990
7366
7245
7330
7252
7133
7115
7130
7543
7780
7356
7936
7021
7329
7249
7371
7847
7307
7783
7541
7834
7199
7275
7088
7043
7094
7349
7036
7906
7408
7935
7386
7119
7093
7940
7427
7337
7110
7998
7354
7812
7846
7731
7029
7071
7682
7596
7881
7751
7825
7187
7613
7656
7298
7547
7632
7365
7292
7551
7339
7822
7754
7242
7113
7416
7883
7265
7851
7847
7759
7737
7798
7827
7041
7104
7126
7686
7091
7089
7764
7934
7321
7041
7859
7001
7778
7162
7662
7263
7089
7000
7591
7304
7240
7036
7416
7553
7871
7088
7941
7261
7455
7766
7829
7644
7647
7049
7422
7676
7582
7170
7216
7882
7798
7326
7163
7582
7427
7112
7199
7770
7344
7187
7683
7350
7527
7621
7530
7987
7743
7402
7323
7594
7763
7393
7023
7662
7268
7463
7431
7986
7641
7370
7743
7343
7973
7300
7756
7539
7896
7263
7206
7016
7246
7016
7961
7519
7002
7329
7855
7931
7660
7676
7973
7896
7379
7293
7917
7353
7758
7235
7960
7820
7421
7420
7404
7840
7974
7467
7164
7286
7220
7813
7160
7154
7685
7509
7105
7151
7357
7492
7065
7363
7090
7812
7551
7758
7419
7752
7028
7805
7076
7236
7420
7754
7590
7927
7746
7616
7240
7967
7216
7347
7526
7359
7349
7917
7591
7760
7494
7941
7579
7475
7154
7963
7130
7605
7810
7021
7896
7204
7757
7977
7160
7560
7503
7079
7547
7130
7822
7695
7836
7855
7148
7125
7624
7501
7210
7986
7828
7480
7750
7474
7798
7321
7474
7170
7971
7626
7021
7939
7086
7928
7174
7500
7379
7089
7415
7896
7589
7608
7095
7575
7717
7530
7098
7118
7379
7915
7566
7591
7076
7641
7433
7408
7691
7908
7656
7260
7474
7871
7888
7387
7680
7516
7625
7031
7835
7464
7227
7308
7918
7041
7502
7529
7818
7509
7987
7329
7244
7558
7927
7233
7221
7553
7365
7792
7610
7620
7628
7112
7847
7511
7638
7221
7293
7438
7623
7247
7961
7684
7352
7146
7631
7616
7435
7339
7028
7575
7399
7538
7163
7046
7852
7184
7539
7005
7394
7646
7270
7319
7838
7256
7969
7639
7084
7938
7831
7474
7921
7530
7833
7040
7331
7407
7118
7862
7307
7538
7706
7475
7962
7074
7842
7856
7752
7488
7102
7192
7243
7325
7182
7868
7791
7549
7889
7053
7564
7964
7232
7310
7380
7888
7459
7062
7813
7680
7656
7275
7374
7023
7263
7605
7097
7378
7971
7424
7830
7260
7380
7933
7116
7474
7285
7069
7100
7205
7373
7904
7550
7817
7418
7745
7229
7274
7984
7171
7203
7070
7488
7151
7629
7995
7885
7332
7071
7117
7038
7846
7806
7772
7249
7096
7192
7829
7861
7587
7200
7867
7650
7843
7468
7350
7509
7396
7363
7762
7496
7019
7897
7178
7807
7181
7236
7140
7620
7821
7551
7921
7553
7944
7698
7714
7591
7381
7532
7581
7611
7393
7358
7145
7315
7471
7713
7667
7277
7931
7752
7190
7270
7455
7050
7879
7253
7440
7040
7370
7192
7249
7617
7914
7455
7211
7000
7529
7761
7019
7147
7159
7058
7397
7196
7425
7853
7571
7351
7396
7089
7977
7211
7143
7255
7492
7714
7801
7570
7466
7555
7521
7891
7002
7284
7356
7733
7453
7983
7857
7544
7391
7872
7733
7747
7542
7621
7818
7805
7509
7686
7798
7986
7263
7347
7309
7530
7063
7611
7140
7551
7976
7817
7571
7160
7834
7205
7574
7184
7474
7079
7095
7100
7006
7388
7169
7278
7058
7460
7083
7936
7452
7116
7226
7976
7253
7574
7603
7889
7904
7949
7070
7941
7084
7902
7437
7804
7337
7956
7766
7791
7845
7737
7019
7470
7439
7343
7602
7533
7248
7353
7794
7460
7888
7291
7995
7931
7467
7650
7814
7109
7227
7702
7032
7902
7806
7501
7914
7900
7070
7788
7834
7941
7826
7936
7560
7769
7899
7863
7082
7032
7568
7587
7895
7588
7235
7723
7356
7348
7609
7638
7935
7848
7836
7496
7388
7556
7933
7484
7209
7259
7173
7278
7805
7910
7330
7302
7137
7905
7659
7798
7896
7602
7202
7277
7398
7838
7527
7441
7855
7384
7205
7504
7833
7284
7408
7117
7628
7341
7779
7630
7426
7577
7096
7450
7128
7086
7183
7331
7022
7774
7348
7939
7085
7270
7960
7493
7506
7920
7739
7954
7352
7258
7322
7004
7563
7961
7938
7160
7380
7220
7693
7252
7579
7472
7640
7649
7766
7885
7565
7649
7395
7711
7250
7454
7899
7124
7574
7635
7290
7131
7728
7039
7583
7530
7418
7166
7920
7676
7056
7085
7452
7778
7741
7108
7705
7804
7404
7985
7092
7895
7963
7359
7541
7178
7638
7878
7080
7869
7401
7109
7511
7607
7913
7232
7342
7420
7107
7337
7797
7298
7878
7766
7051
7856
7323
7030
7886
7414
7380
7123
7952
7139
7442
7394
7478
7882
7007
7962
7686
7551
7636
7845
7154
7181
7666
7965
7260
7158
7763
7040
7748
7957
7344
7701
7869
7251
7123
7811
7335
7515
7439
7328
7493
7478
7996
7188
7146
7812
7493
7403
7848
7284
7929
7408
7259
7272
7078
7234
7926
7706
7594
7328
7180
7084
7209
7018
7760
7862
7934
7955
7533
7722
7525
7069
7045
7017
7735
7538
7754
7674
7363
7766
7642
7942
7799
7354
7751
7879
7394
7190
7942
7043
7218
7292
7563
7922
7043
7464
7509
7655
7357
7076
7770
7804
7003
7690
7322
7327
7020
7334
7211
7721
7350
7496
7843
7172
7828
7691
7189
7656
7511
7723
7877
7130
7132
7460
7160
7355
7595
7881
7781
7247
7736
7884
7550
7961
7774
7743
7433
7756
7616
7598
7385
7541
7959
7228
7967
7209
7692
7222
7995
7053
7084
7126
7851
7712
7697
7580
7352
7171
7788
7117
7607
7806
7333
7758
7881
7448
7689
7459
7580
7697
7696
7342
7983
7444
7549
7897
7793
7898
7357
7603
7840
7852
7366
7528
7599
7752
7975
7892
7784
7192
7253
7852
7921
7672
7285
7050
7950
7729
7514
7522
7024
7827
7791
7210
7302
7848
7737
7949
7976
7470
7706
7923
7780
7634
7089
7817
7816
7707
7813
7763
7592
7224
7674
7704
7707
7877
7863
7954
7386
7944
7209
7771
7991
7559
7541
7912
7718
7684
7869
7558
7241
7209
7142
7467
7172
7866
7072
7135
7747
7582
7327
7231
7467
7738
7842
7469
7465
7728
7669
7354
7613
7210
7458
7832
7857
7225
7319
7460
7149
7089
7854
7108
7330
7311
7373
7986
7608
7965
7160
7759
7597
7476
7363
7786
7288
7584
7440
7052
7485
7040
7435
7200
7336
7815
7260
7960
7505
7259
7194
7719
7068
7355
7118
7495
7340
7128
7487
7313
7316
7821
7263
7795
7160
7042
7506
7606
7522
7257
7589
7569
7797
7889
7724
7850
7114
7867
7751
7854
7976
7826
7376
7097
7931
7863
7596
7950
7070
7867
7121
7754
7838
7710
7884
7655
7990
7190
7282
7184
7180
7583
7837
7012
7661
7254
7116
7895
7530
7151
7584
7323
7562
7267
7042
7067
7308
7653
7199
7270
7648
7570
7511
7304
7878
7683
7329
7410
7773
7683
7877
7201
7140
7906
7725
7427
7081
7972
7587
7083
7399
7981
7963
7664
7123
7865
7879
7300
7617
7699
7092
7626
7005
7859
7621
7224
7380
7259
7339
7612
7703
7264
7401
7297
7962
7016
7482
7102
7992
7570
7654
7244
7139
7776
7520
7741
7150
7891
7401
7980
7249
7594
7144
7805
7322
7260
7246
7400
7698
7941
7597
7926
7141
7726
7372
7992
7200
7551
7731
7764
7998
7000
7703
7537
7185
7033
7356
7572
7900
7881
7610
7773
7396
7390
7295
7904
7155
7375
7294
7647
7546
7316
7228
7484
7186
7035
7451
7561
7818
7151
7290
7744
7098
7672
7822
7686
7073
7068
7754
7901
7304
7190
7218
7544
7794
7899
7183
7929
7897
7775
7817
7414
7140
7088
7929
7455
7361
7719
7912
7922
7041
7799
7275
7054
7948
7524
7174
7930
7685
7731
7224
7300
7685
7713
7144
7598
7687
7153
7200
7026
7741
7371
7775
7362
7456
7143
7563
7902
7531
7848
7814
7053
7389
7772
7585
7706
7483
7410
7777
7355
7998
7511
7942
7057
7718
7828
7411
7565
7246
7152
7446
7161
7920
7096
7643
7136
7954
7543
7461
7556
7357
7905
7164
7076
7423
7119
7183
7272
7650
7964
7132
7998
7078
7308
7089
7698
7332
7590
7405
7990
7114
7831
7150
7017
7837
7278
7375
7993
7788
7208
7235
7873
7418
7916
7503
7168
7166
7222
7786
7669
7864
7813
7926
7547
7880
7932
7508
7828
7116
7723
7398
7331
7556
7013
7034
7097
7514
7511
7967
7625
7957
7707
7967
7154
7634
7333
7097
7523
7458
7226
7976
7158
7077
7352
7913
7338
7699
7596
7298
7582
7400
7839
7583
7748
7475
7273
7939
7554
7155
7967
7843
7723
7768
7145
7226
7143
7633
7880
7831
7524
7278
7846
7341
7917
7288
7297
7037
7874
7880
7152
7827
7060
7490
7562
7341
7185
7658
7298
7253
7787
7203
7435
7493
7721
7730
7850
7719
7194
7946
7420
7517
7402
7495
7620
7878
7928
7104
7346
7531
7540
7986
7639
7317
7092
7101
7034
7968
7728
7328
7598
7624
7811
7586
7999
7781
7543
7349
7672
7448
7595
7027
7847
7525
7148
7062
7813
7272
7193
7842
7210
7133
7694
7514
7549
7739
7406
7702
7254
7239
7922
7221
7080
7597
7275
7525
7899
7798
7286
7122
7138
7804
7323
7716
7943
7746
7129
7402
7466
7541
7080
7329
7779
7287
7069
7064
7480
7815
7332
7249
7512
7556
7756
7914
7972
7413
7075
7851
7967
7963
7243
7059
7326
7658
7816
7369
7625
7023
7702
7541
7517
7617
7964
7192
7717
7622
7602
7137
7225
7600
7961
7624
7375
7131
7913
7062
7031
7331
7450
7468
7843
7637
7279
7306
7465
7491
7962
7834
7221
7129
7895
7228
7495
7338
7360
7153
7758
7126
7972
7346
7659
7932
7831
7407
7528
7197
7891
7416
7042
7877
7581
7276
7896
7560
7495
7690
7666
7971
7355
7938
7434
7809
7481
7923
7044
7622
7590
7782
7224
7460
7868
7547
7741
7715
7472
7128
7078
7119
7469
7173
7251
7542
7626
7629
7829
7385
7286
7700
7903
7453
7414
7631
7036
7793
7917
7630
7996
7116
7357
7974
7643
7907
7842
7521
7995
7137
7216
7626
7743
7068
7688
7850
7002
7153
7203
7814
7996
7057
7397
7105
7641
7015
7897
7315
7659
7991
7025
7640
7063
7430
7660
7724
7406
7229
7217
7601
7251
7342
7100
7973
7757
7660
7884
7573
7598
7188
7924
7151
7230
7490
7505
7493
7367
7377
7810
7948
7445
7824
7361
7096
7671
7393
7915
7845
7023
7052
7008
7569
7344
7603
7059
7240
7880
7180
7072
7998
7780
7420
7293
7711
7485
7001
7568
7924
7323
7706
7750
7968
7902
7504
7366
7243
7133
7378
7129
7991
7338
7691
7320
7983
7925
7892
7536
7029
7410
7748
7977
7761
7422
7885
7032
7608
7214
7209
7832
7192
7828
7527
7240
7605
7386
7316
7143
7947
7042
7889
7007
7834
7977
7835
7741
7124
7854
7761
7443
7756
7823
7557
7802
7917
7816
7326
7605
7753
7120
7770
7554
7290
7861
7194
7523
7987
7155
7710
7768
7032
7481
7894
7377
7803
7472
7737
7120
7543
7621
7189
7550
7936
7287
7116
7553
7433
7163
7571
7009
7957
7626
7262
7185
7418
7006
7112
7394
7743
7166
7371
7749
7917
7443
7356
7929
7413
7985
7497
7043
7102
7305
7479
7278
7560
7445
7193
7313
7612
7792
7215
7503
7724
7161
7315
7521
7724
7512
7649
7441
7854
7860
7931
7235
7479
7741
7291
7384
7732
7514
7490
7167
7808
7804
7402
7411
7218
7191
7376
7307
7613
7031
7957
7168
7186
7622
7641
7027
7672
7643
7900
7887
7760
7021
7162
7971
7534
7229
7258
7518
7573
7367
7699
7578
7191
7593
7845
7605
7118
7084
7933
7131
7838
7999
7440
7785
7331
7156
7524
7371
7308
7028
7712
7463
7551
7370
7314
7405
7126
7830
7648
7411
7495
7811
7086
7711
7308
7879
7750
7579
7202
7315
7342
7372
7042
7376
7320
7790
7377
7448
7818
7905
7520
7194
7948
7650
7675
7631
7177
7573
7167
7563
7250
7473
7279
7522
7367
7625
7683
7571
7522
7650
7843
7228
7673
7677
7480
7416
7128
7237
7407
7891
7256
7010
7935
7279
7538
7531
7563
7007
7946
7475
7505
7958
7798
7904
7867
7079
7654
7625
7777
7774
7857
7011
7769
7752
7204
7378
7015
7429
7367
7294
7905
7030
7788
7346
7898
7232
7276
7296
7438
7948
7520
7548
7432
7389
7411
7016
7255
7160
7885
7920
7769
7274
7163
7513
7127
7382
7585
7755
7264
7096
7628
7386
7436
7174
7508
7057
7537
7472
7737
7211
7912
7827
7730
7075
7480
7184
7411
7947
7347
7683
7454
7279
7742
7943
7738
7178
7610
7954
7812
7412
7656
7859
7372
7926
7483
7076
7352
7563
7364
7874
7981
7505
7138
7681
7687
7754
7399
7323
7718
7671
7309
7834
7971
7827
7820
7923
7808
7513
7007
7684
7849
7503
7907
7874
7020
7744
7354
7209
7141
7795
7706
7048
7392
7574
7103
7465
7094
7180
7218
7794
7867
7154
7147
7299
7631
7003
7523
7644
7191
7668
7787
7025
7163
7489
7825
7839
7781
7716
7346
7783
7164
7419
7795
7320
7600
7124
7500
7899
7336
7762
7603
7565
7060
7698
7039
7499
7802
7291
7138
7396
7366
7259
7049
7996
7530
7897
7931
7232
7078
7301
7429
7931
7633
7681
7698
7614
7590
7374
7888
7325
7250
7115
7631
7323
7824
7399
7303
7740
7859
7329
7305
7484
7272
7492
7727
7333
7023
7002
7185
7537
7940
7336
7946
7047
7648
7883
7219
7218
7338
7017
7682
7716
7583
7992
7297
7762
7246
7924
7811
7054
7077
7576
7497
7478
7305
7418
7294
7197
7690
7103
7848
7802
7535
7887
7371
7682
7779
7253
7271
7443
7335
7107
7081
7226
7440
7843
7986
7573
7219
7832
7452
7051
7841
7776
7882
7984
7831
7310
7786
7562
7247
7660
7387
7990
7818
7406
7034
7843
7435
7702
7495
7317
7919
7234
7579
7569
7672
7932
7821
7603
7583
7466
7622
7388
7425
7878
7771
7589
7310
7102
7164
7977
7836
7417
7692
7758
7672
7559
7502
7993
7295
7146
7984
7574
7695
7609
7099
7332
7627
7996
7717
7591
7146
7662
7097
7648
7943
7463
7134
7621
7154
7936
7065
7481
7324
7895
7726
7026
7794
7258
7225
7645
7360
7395
7015
7463
7962
7626
7940
7417
7202
7491
7093
7037
7348
7736
7308
7447
7162
7537
7211
7514
7421
7483
7334
7645
7706
7468
7235
7356
7986
7726
7476
7939
7781
7816
7468
7997
7194
7620
7468
7689
7653
7700
7322
7514
7253
7780
7575
7657
7255
7768
7542
7750
7792
7110
7828
7728
7642
7299
7427
7838
7149
7684
7816
7143
7815
7002
7035
7868
7126
7414
7482
7042
7486
7045
7370
7218
7932
7048
7087
7353
7858
7512
7741
7067
7104
7369
7037
7938
7275
7003
7119
7870
7851
7860
7925
7340
7010
7876
7730
7966
7318
7979
7042
7853
7538
7163
7853
7345
7931
7422
7043
7611
7077
7741
7418
7047
7427
7555
7913
7020
7474
7661
7767
7661
7104
7264
7939
7854
7747
7042
7077
7015
7083
7699
7411
7609
7918
7476
7494
7296
7680
7852
7294
7377
7629
7614
7409
7153
7613
7992
7295
7840
7895
7924
7330
7909
7235
7999
7331
7967
7255
7931
7423
7770
7892
7565
7464
7069
7530
7950
7818
7789
7630
7091
7500
7564
7279
7514
7485
7872
7384
7487
7850
7563
7979
7497
7932
7780
7859
7312
7648
7452
7445
7980
7346
7457
7412
7620
7192
7628
7102
7533
7206
7198
7095
7609
7735
7082
7060
7850
7046
7119
7776
7528
7787
7694
7046
7697
7551
7350
7631
7709
7203
7175
7733
7968
7807
7731
7830
7292
7362
7009
7494
7549
7657
7676
7634
7590
7416
7715
7624
7511
7145
7107
7017
7398
7932
7500
7088
7501
7287
7924
7979
7304
7059
7808
7994
7344
7172
7366
7747
7805
7944
7244
7045
7804
7368
7260
7338
7180
7135
7371
7888
7052
7736
7433
7978
7117
7844
7450
7700
7127
7712
7899
7826
7552
7371
7439
7788
7068
7562
7051
7891
7286
7682
7987
7419
7799
7475
7650
7458
7110
7610
7225
7922
7531
7952
7182
7422
7640
7507
7441
7144
7472
7544
7483
7909
7022
7358
7722
7732
7475
7305
7781
7790
7208
7263
7132
7079
7272
7809
7759
7578
7276
7978
7509
7568
7531
7923
7244
7840
7440
7625
7439
7055
7547
7102
7717
7973
7253
7440
7871
7973
7347
7862
7954
7206
7782
7881
7120
7371
7003
7889
7184
7086
7316
7596
7433
7179
7458
7651
7480
7586
7825
7565
7466
7532
7699
7081
7868
7270
7473
7053
7340
7246
7510
7571
7458
7977
7145
7052
7257
7947
7676
7545
7523
7826
7939
7683
7804
7796
7418
7808
7451
7373
7935
7186
7410
7714
7161
7097
7538
7987
7741
7939
7217
7687
7531
7599
7880
7919
7078
7864
7140
7197
7246
7948
7872
7177
7814
7017
7296
7958
7347
7655
7748
7748
7039
7543
7089
7676
7116
7323
7580
7331
7401
7532
7882
7053
7461
7378
7941
7314
7258
7307
7574
7867
7524
7865
7297
7565
7204
7373
7070
7555
7936
7506
7623
7164
7441
7740
7569
7951
7355
7669
7848
7593
7326
7342
7229
7823
7432
7578
7351
7883
7188
7552
7246
7029
7332
7324
7346
7582
7370
7818
7511
7452
7453
7824
7250
7840
7706
7833
7412
7113
7169
7043
7240
7879
7770
7645
7965
7488
7154
7805
7161
7378
7957
7912
7944
7419
7572
7066
7974
7140
7324
7838
7877
7686
7698
7783
7426
7183
7593
7757
7328
7485
7324
7260
7991
7866
7105
7153
7913
7525
7174
7275
7427
7154
7161
7468
7625
7288
7209
7716
7788
7791
7457
7808
7525
7439
7439
7737
7518
7727
7344
7914
7719
7887
7536
7603
7470
7158
7599
7786
7936
7233
7710
7456
7786
7805
7775
7624
7663
7695
7435
7188
7873
7063
7305
7973
7289
7169
7934
7765
7173
7886
7785
7065
7214
7664
7535
7100
7452
7226
7962
7206
7032
7170
7712
7766
7744
7746
7991
7550
7526
7417
7702
7310
7819
7795
7290
7426
7850
7752
7960
7178
7054
7887
7383
7925
7198
7668
7747
7473
7901
7567
7318
7893
7756
7407
7998
7871
7240
7626
7362
7337
7594
7986
7552
7047
7126
7891
7139
7769
7502
7501
7641
7744
7137
7899
7902
7711
7456
7959
7442
7693
7414
7506
7515
7560
7304
7888
7104
7736
7795
7321
7625
7462
7564
7431
7941
7838
7375
7362
7883
7143
7953
7099
7841
7410
7026
7785
7192
7644
7280
7892
7217
7084
7638
7620
7637
7701
7393
7278
7719
7748
7634
7844
7803
7773
7917
7909
7005
7836
7531
7843
7433
7971
7977
7165
7708
7442
7980
7386
7174
7440
7954
7612
7151
7297
7016
7305
7299
7179
7737
7981
7951
7261
7242
7114
7499
7778
7790
7929
7384
7607
7170
7080
7405
7416
7450
7613
7866
7888
7739
7764
7479
7867
7344
7618
7282
7861
7635
7612
7174
7185
7883
7248
7729
7450
7462
7284
7392
7129
7984
7188
7470
7495
7404
7882
7811
7416
7363
7738
7266
7510
7742
7821
7929
7685
7797
7460
7357
7028
7809
7749
7251
7770
7669
7923
7739
7061
7852
7825
7494
7855
7403
7464
7278
7385
7537
7196
7527
7485
7728
7117
7989
7612
7866
7271
7666
7336
7848
7759
7009
7533
7250
7193
7718
7160
7762
7020
7261
7955
7979
7835
7718
7910
7856
7650
7287
7217
7491
7801
7721
7562
7543
7835
7618
7982
7419
7089
7407
7057
7989
7215
7659
7077
7151
7797
7472
7716
7218
7306
7069
7513
7735
7672
7006
7458
7688
7107
7383
7406
7067
7063
7799
7414
7793
7428
7414
7172
7931
7978
7291
7466
7041
7354
7768
7776
7642
7196
7399
7766
7068
7799
7769
7956
7656
7298
7300
7845
7082
7711
7647
7151
7429
7933
7938
7997
7517
7633
7521
7682
7883
7521
7531
7453
7546
7992
7616
7680
7491
7630
7164
7236
7668
7064
7758
7880
7107
7541
7722
7434
7406
7442
7378
7157
7908
7966
7264
7696
7758
7512
7264
7535
7143
7258
7153
7670
7632
7734
7750
7423
7493
7314
7936
7378
7843
7768
7527
7003
7524
7570
7501
7302
7613
7477
7418
7701
7403
7554
7420
7441
7612
7368
7193
7136
7627
7743
7916
7290
7634
7235
7832
7029
7092
7909
7451
7402
7501
7439
7506
7128
7355
7812
7495
7577
7732
7252
7708
7848
7289
7024
7589
7946
7016
7291
7259
7439
7446
7778
7770
7611
7360
7373
7263
7906
7181
7138
7144
7036
7074
7560
7958
7899
7076
7714
7353
7821
7531
7561
7628
7312
7498
7854
7567
7469
7798
7534
7388
7365
7125
7177
7981
7599
7476
7469
7676
7160
7944
7966
7154
7837
7992
7466
7388
7748
7100
7435
7108
7666
7305
7502
7628
7809
7452
7024
7383
7618
7368
7329
7153
7522
7444
7025
7293
7135
7554
7193
7685
7422
7487
7282
7068
7885
7073
7098
7360
7551
7752
7113
7573
7797
7050
7550
7838
7401
7716
7872
7992
7969
7573
7631
7558
7693
7227
7533
7421
7956
7820
7694
7609
7317
7264
7836
7191
7933
7691
7362
7198
7626
7866
7078
7928
7699
7929
7888
7609
7996
7099
7622
7498
7130
7892
7900
7356
7101
7787
7382
7883
7114
7978
7905
7277
7663
7457
7506
7229
7068
7785
7901
7622
7282
7037
7255
7978
7255
7599
7974
7003
7113
7464
7554
7770
7929
7434
7831
7460
7334
7876
7607
7792
7985
7274
7895
7862
7388
7369
7167
7317
7545
7712
7840
7722
7433
7958
7156
7206
7127
7144
7987
7896
7105
7375
7049
7035
7325
7943
7168
7027
7155
7969
7413
7870
7767
7784
7699
7400
7557
7398
7411
7581
7972
7287
7003
7861
7002
7283
7296
7679
7915
7546
7462
7521
7799
7848
7328
7155
7055
7024
7683
7904
7135
7087
7241
7202
7134
7851
7643
7936
7893
7146
7882
7299
7562
7443
7680
7886
7069
7259
7527
7299
7249
7870
7740
7281
7296
7257
7076
7394
7759
7062
7528
7706
7301
7106
7889
7848
7068
7521
7137
7700
7099
7326
7508
7522
7597
7288
7934
7492
7896
7622
7518
7123
7392
7989
7793
7333
7439
7934
7067
7847
7864
7195
7250
7363
7201
7789
7929
7803
7277
7175
7558
7882
7631
7401
7267
7905
7886
7508
7365
7040
7385
7002
7635
7604
7568
7100
7227
7706
7134
7538
7501
7247
7687
7984
7797
7488
7066
7835
7093
7073
7294
7908
7079
7746
7859
7704
7786
7396
7520
7747
7243
7088
7699
7079
7835
7362
7334
7049
7142
7316
7614
7786
7663
7519
7508
7132
7658
7700
7100
7925
7057
7213
7132
7851
7899
7161
7485
7242
7566
7700
7529
7202
7625
7723
7108
7033
7324
7466
7729
7846
7655
7719
7024
7483
7908
7527
7219
7898
7620
7752
7044
7892
7465
7865
7688
7293
7962
7188
7738
7857
7109
7773
7382
7176
7908
7557
7939
7458
7145
7172
7055
7472
7742
7956
7207
7338
7532
7578
7234
7621
7987
7330
7519
7622
7898
7067
7948
7850
7923
7761
7501
7283
7163
7189
7535
7461
7533
7216
7436
7560
7384
7241
7505
7314
7583
7841
7529
7843
7876
7796
7721
7518
7887
7199
7679
7063
7095
7432
7288
7806
7954
7541
7997
7955
7593
7199
7745
7724
7508
7207
7726
7823
7826
7774
7957
7412
7484
7089
7472
7528
7411
7075
7894
7216
7932
7366
7136
7057
7047
7725
7301
7254
7127
7792
7924
7917
7414
7368
7090
7371
7995
7478
7907
7691
7252
7616
7438
7972
7412
7354
7220
7648
7044
7125
7711
7077
7999
7648
7967
7078
7644
7299
7999
7178
7699
7561
7889
7364
7952
7058
7773
7035
7777
7573
7302
7908
7706
7624
7605
7449
7136
7351
7963
7608
7063
7240
7334
7902
7405
7967
7901
7195
7287
7553
7310
7063
7873
7080
7158
7811
7702
7054
7218
7533
7388
7316
7395
7700
7570
7471
7198
7751
7634
7407
7823
7022
7724
7456
7255
7469
7731
7183
7366
7779
7690
7368
7161
7912
7161
7343
7590
7915
7628
7786
7649
7845
7877
7447
7612
7230
7183
7502
7775
7214
7809
7773
7850
7264
7566
7089
7117
7268
7840
7731
7866
7980
7195
7051
7147
7661
7120
7764
7402
7997
7464
7640
7297
7421
7660
7055
7908
7456
7727
7079
7573
7933
7406
7698
7679
7802
7634
7100
7824
7500
7100
7413
7938
7340
7420
7351
7884
7644
7921
7911
7520
7876
7638
7633
7539
7928
7014
7887
7338
7502
7122
7476
7468
7133
7779
7553
7447
7595
7259
7812
7418
7483
7225
7799
7406
7218
7896
7613
7176
7885
7519
7570
7809
7233
7287
7071
7173
7963
7399
7774
7099
7399
7732
7444
7144
7123
7854
7413
7088
7088
7746
7360
7090
7809
7356
7653
7297
7284
7061
7089
7553
7411
7173
7390
7250
7475
7909
7803
7249
7514
7553
7851
7853
7903
7718
7063
7011
7780
7001
7751
7049
7493
7649
7417
7220
7962
7088
7431
7397
7558
7981
7510
8000
7515
7266
7413
7235
7534
7287
7228
7064
7763
7682
7100
7723
7517
7659
7998
7348
7533
7625
7704
7761
7456
7808
7419
7967
7493
7154
7737
7200
7713
7665
7890
7410
7116
7988
7091
7583
7855
7766
7912
7950
7358
7299
7798
7068
7553
7131
7589
7832
7657
7836
7867
7883
7895
7053
7916
7662
7116
7409
7834
7973
7488
7495
7695
7282
7684
7503
7639
7057
7734
7239
7046
7298
7871
7145
7879
7234
7126
7116
7549
7410
7227
7471
7922
7020
7446
7867
7285
7457
7112
7979
7872
7377
7676
7163
7920
7795
7192
7358
7340
7211
7079
7850
7831
7916
7274
7158
7162
7139
7145
7308
7854
7107
7182
7733
7114
7775
7967
7885
7675
7805
7353
7623
7829
7681
7557
7001
7965
7475
7585
7121
7953
7574
7064
7673
7881
7933
7151
7096
7026
7711
7522
7747
7719
7874
7439
7917
7997
7255
7182
7042
7149
7053
7851
7582
7092
7905
7357
7531
7681
7436
7179
7811
7377
7129
7293
7398
7563
7866
7709
7051
7742
7430
7890
7459
7168
7985
7903
7811
7315
7565
7542
7372
7512
7133
7834
7930
7969
7312
7955
7560
7033
7281
7581
7448
7635
7058
7629
7767
7233
7705
7631
7596
7635
7945
7470
7768
7669
7635
7208
7206
7349
7647
7169
7736
7829
7165
7834
7440
7291
7411
7377
7203
7620
7270
7650
7671
7697
7581
7872
7568
7762
7972
7147
7831
7675
7194
7371
7912
7257
7907
7541
7005
7681
7548
7659
7949
7394
7589
7306
7864
7083
7631
7044
7298
7388
7261
7823
7014
7279
7675
7526
7073
7435
7954
7885
7819
7619
7730
7838
7959
7661
7082
7627
7347
7991
7013
7854
7270
7259
7277
7140
7807
7993
7647
7382
7654
7794
7760
7092
7419
7796
7581
7834
7760
7309
7859
7875
7699
7681
7230
7716
7204
7090
7195
7618
7453
7154
7217
7290
7441
7549
7448
7890
7910
7343
7723
7852
7666
7250
7841
7310
7634
7089
7431
7710
7223
7131
7579
7583
7499
7387
7179
7450
7156
7447
7927
7279
7339
7851
7753
7695
7827
7906
7578
7617
7266
7534
7710
7616
7122
7959
7902
7707
7177
7560
7058
7303
7683
7291
7030
7313
7832
7562
7197
7117
7571
7876
7068
7913
7158
7324
7009
7674
7503
7723
7428
7111
7108
7527
7871
7835
7134
7311
7065
7640
7122
7917
7290
7835
7513
7028
7588
7130
7685
7557
7293
7833
7108
7215
7656
7014
7176
7423
7449
7738
7809
7112
7632
7994
7645
7576
7745
7504
7875
7952
7421
7124
7972
7329
7811
7593
7551
7288
7333
7875
7565
7321
7373
7648
7953
7852
7746
7083
7321
7116
7784
7247
7474
7594
7208
7541
7498
7664
7525
7457
7182
7646
7275
7856
7488
7870
7629
7413
7297
7803
7986
7422
7986
7302
7145
7110
7722
7117
7463
7415
7741
7863
7995
7750
7401
7799
7645
7955
7960
7824
7801
7716
7457
7383
7458
7143
7520
7508
7131
7393
7552
7595
7385
7201
7103
7492
7196
7938
7510
7080
7460
7388
7274
7380
7173
7691
7311
7915
7016
7546
7298
7041
7150
7054
7966
7314
7788
7215
7191
7316
7774
7865
7724
7692
7819
7375
7120
7927
7451
7651
7821
7303
7124
7319
7304
7374
7164
7940
7098
7739
7440
7999
7430
7984
7219
7398
7089
7742
7234
7028
7158
7531
7626
7897
7219
7663
7229
7923
7837
7676
7126
7176
7716
7831
7112
7911
7424
7709
7231
7306
7449
7330
7320
7430
7295
7414
7625
7995
7709
7234
7830
7023
7427
7875
7747
7643
7526
7241
7007
7414
7631
7812
7132
7237
7811
7403
7148
7385
7895
7109
7007
