91252
8030
7386
9440
8860
9792
9485
7014
9530
8267
7552
9346
9916
7543
9235
8901
7259
9793
8002
8116
7865
9276
9737
9656
8481
8359
7438
8308
8362
7854
7816
9395
8039
7720
9727
7603
9498
7900
9800
8297
8285
8831
9417
9703
7302
8837
8528
7360
7272
9579
9011
9626
7511
7982
8046
8527
7756
8690
7796
9351
7341
8580
9841
8982
9313
7800
9742
8209
7213
8787
9479
8762
9357
7838
7295
7192
8241
9061
9890
9792
8365
7054
7936
9074
8808
8767
7070
8803
9946
9495
8168
9428
9323
7644
8491
9197
8401
8883
7111
7231
8413
7707
8744
7394
9886
9964
8503
7480
9586
9087
7133
9338
9336
8179
9497
9974
9323
7579
8689
7607
8091
8961
9384
9111
9259
7560
7089
7245
8534
9519
9239
8334
9240
8654
9267
7402
9430
8770
8792
7115
8374
7298
9135
7888
9570
8767
8030
9393
9632
7727
9218
7302
9205
7282
8413
9551
9249
9407
7343
9422
9826
7421
8000
8786
9264
8845
7063
9120
7373
7284
8805
8506
8455
8071
9130
8596
8436
9343
8528
8316
7397
7949
8177
9557
9432
9430
9673
7957
9760
9030
7614
8231
7525
9741
7690
9849
7150
9688
8539
8951
8681
8750
8756
7556
7084
9060
7745
8397
7467
8829
9401
7069
8837
9868
8120
9769
7904
8556
9377
9160
7521
7864
7401
8807
7082
7662
8733
9024
7608
9892
7300
7222
8137
8701
7378
7797
9748
8114
7741
9328
9071
8110
7978
9034
9892
9346
7584
8443
9885
8053
8344
8718
9295
7562
8284
8256
9310
8427
7864
8138
8425
8754
8306
7870
9205
9159
9467
8359
7538
7635
7648
8570
9540
8825
9172
8587
7692
9897
8200
7634
8398
9873
9984
9611
9096
9677
7951
7254
9535
8290
9365
9204
9703
9872
9414
7997
9131
8383
7712
7075
8211
7209
7254
9974
9283
7454
8476
8616
7397
8606
8308
8652
8808
9165
9816
7620
7492
7459
7721
8621
7678
7343
8362
9780
8081
8523
9367
9626
7120
7114
9735
9860
8049
8982
7294
8527
9811
7980
8589
8762
9504
9291
8955
8370
7434
8332
9647
9580
9890
9218
8304
7602
8014
8952
7359
7385
9680
9195
9208
9313
9451
8193
9717
9014
9740
9512
8170
9432
7434
8964
8029
8535
9889
7265
8985
8277
9827
8820
7368
9359
8680
7781
9934
8019
9807
9595
8313
7004
8452
9615
9415
7194
8748
7779
8907
8142
8085
7314
9948
8656
7998
9458
9056
8655
9889
7703
9561
9622
9032
7966
9343
8878
9978
8723
9264
7548
8911
9071
7052
9205
7461
9992
8535
9226
9343
8762
9646
8935
7242
7857
9116
9630
9822
9504
8322
7936
8445
7263
8543
7480
9551
8512
7331
8482
9670
8737
9407
9614
8717
7059
9991
7468
8158
9655
8224
8037
7059
8810
9070
7668
7763
7939
9580
9303
9851
9839
9741
7568
8201
9674
8936
7716
8015
9673
7095
7097
7733
7719
8658
8036
8727
9603
7014
9805
8270
9244
8688
7277
7826
7863
9789
7540
7222
9300
9038
8544
7954
9517
9720
9843
9167
7548
9635
8023
7708
7572
10000
7936
8350
8133
7208
7526
9144
9449
8722
8830
7095
8679
7740
7620
7854
9737
7482
9693
9225
7902
8354
9224
8661
8906
8814
9158
9555
9752
8770
9670
7438
9534
7218
7036
9176
9968
8499
9702
8150
8002
7256
8330
9663
9353
9279
8861
8395
9334
9894
8676
9052
9470
7570
8319
8797
8294
9977
7694
7446
9287
7682
9313
7857
9094
7111
8626
7575
7446
9388
9160
8857
9854
7794
7143
8342
9145
9362
7518
7479
7782
7659
8269
7865
8128
8009
9662
8086
7367
9347
7377
9000
7340
8354
8392
8729
9543
7223
7274
9023
7976
7330
9562
9822
9487
9043
7933
9693
8255
7295
7035
7746
8849
9118
9123
9568
7975
8427
9835
9870
9903
9892
7259
8385
9650
8068
7073
9754
9264
8306
9872
8550
9493
9848
7869
9770
9716
8812
7435
8511
8362
9487
8037
8208
8005
8083
8266
9399
9633
9208
8474
7459
8953
9938
8734
7490
9162
7779
8022
8369
8528
7582
9649
8585
8229
8998
8630
8814
7506
9624
9335
8301
8193
9826
8391
9056
8360
9888
7356
8622
7705
7564
7988
9303
8301
8031
9869
9725
7956
7885
8054
7593
8348
8851
7490
7909
9761
7156
8089
8005
9422
9049
8582
9703
8097
7319
8583
8058
9575
9750
7233
8580
8955
9563
7022
7826
8534
8568
8803
9071
9114
9853
7418
9658
7437
7626
9524
9681
9560
7321
7314
7867
9622
7040
8234
9910
9465
7599
9059
9194
8689
9497
9466
9317
8803
9058
7871
8495
7416
7461
9770
7174
9979
9826
7781
8593
8786
7452
7010
7242
8064
7097
9340
8442
7278
9462
9694
9866
7371
7712
9908
9337
7327
8757
8698
7026
8877
8899
7756
7146
7374
7366
8013
7158
9158
9431
8794
9860
8794
8473
9497
9428
8502
8081
9133
7262
8299
7065
7940
8755
7848
8576
7143
7057
7983
7905
7464
9940
7399
7845
9173
7638
8122
7766
8481
9753
8041
8624
8054
7560
8512
9250
9602
8809
8655
7252
7902
8443
9133
7596
7455
8137
7238
9907
7652
9904
8928
9133
9749
9477
8031
7043
7389
7879
8560
8679
8597
7048
7122
8230
7887
8794
9402
9520
8605
9565
9882
8138
9888
9145
7922
8422
8481
7002
9506
7352
7312
9662
7244
8258
7279
9699
7734
7723
7479
9765
7580
9089
7586
9656
8736
7436
8742
9419
9248
9355
7929
9246
9275
9143
8624
9672
7163
7767
8466
7428
9577
8475
8185
8690
9988
8887
8358
8611
8647
9178
7868
9686
8910
9468
9022
8866
7717
8568
7073
7358
8805
8085
9932
8147
7107
8152
8207
9407
9675
9637
7501
9873
8733
7301
7966
8604
9086
8275
9495
8565
8709
8990
9051
9439
7351
7600
9879
9038
9188
8267
8477
8584
9552
7219
9108
9932
9032
7516
8430
9969
8110
9595
7029
8489
9729
9803
7668
9382
9518
9882
7561
7204
9341
8177
8246
7575
8154
9432
9995
8417
7217
8207
7105
7783
8429
7002
9247
9394
7027
9900
7334
9788
7187
8183
8360
8675
7934
9144
9393
7515
9909
9272
8432
7157
7575
9776
7993
9100
9282
9726
7109
8447
9798
9545
9457
7576
7307
7687
8218
7164
8919
8944
7332
9734
9873
8513
7702
9687
7381
7956
8523
9112
8693
8944
7118
9887
8816
9329
7187
9922
7676
8644
7207
7615
8169
9863
9294
9071
9401
7075
7408
7506
7710
8998
8784
8649
9573
9883
8340
8228
8490
9089
9094
7282
8009
9991
7552
7840
8499
7913
7010
9059
8065
9124
9679
7435
7820
7949
8073
8060
8627
8609
7412
8817
9889
9817
7093
8200
8711
7022
7460
8173
7756
9023
8520
8128
8489
9311
8134
8857
9801
7143
7032
8942
9192
7117
9116
9876
7366
9063
8430
9092
8876
7090
9095
7311
7500
9991
7455
7544
7800
8950
7556
7293
9066
9591
9416
8880
9956
9251
9585
9620
7507
7242
9454
7329
7742
8311
9593
7607
9423
9820
8601
7195
8962
7467
9202
8453
9694
8364
7212
7234
7176
8952
7251
9284
8822
7802
7790
9340
7754
7736
7862
9744
7803
7363
7098
9912
7590
8051
7394
8332
9811
7522
7220
8662
7303
9697
8433
8867
7774
8648
7943
7657
8303
9769
8266
7338
7224
9519
9698
7825
8399
7588
8058
8542
7856
8869
8905
9035
7892
8262
8196
9895
7184
8884
8833
9035
7689
8025
9840
7831
8661
8877
9466
7736
7702
9172
9386
7742
9549
7367
7297
9745
8781
9515
8084
9334
8736
7843
8734
8384
8896
7848
8600
8879
8904
7983
9701
9023
7762
9116
9666
9751
8619
7083
8875
9419
8004
9513
8125
7372
9268
8381
7584
7550
7240
7018
8940
9740
9396
8597
7286
8478
7818
9947
8536
9388
9147
7660
7339
8444
8751
9151
9008
7272
7471
9736
7186
9183
9492
9014
8974
7143
9947
8275
8570
9835
9860
8035
9365
7645
8284
8457
8498
7743
9074
7685
8959
9640
7412
9821
8541
9923
7308
7347
8737
9934
9791
9549
9100
8795
7119
8649
7232
8001
9178
7199
7944
9093
9489
8434
8429
7645
7403
9383
8789
8504
7035
7911
7383
8742
8725
7175
9741
9407
8380
8762
7748
9025
9394
9557
8805
8333
9792
9362
9999
7149
8710
7077
9181
8347
7930
9016
8805
7917
9213
8212
9264
9799
7955
7135
8742
8583
9896
7732
8948
8294
7615
8007
9631
9416
9610
9622
8336
8575
8358
8302
9454
8234
8144
8080
7291
7108
9557
8616
7724
7904
8138
7655
9230
7044
9055
9071
8014
8152
9746
9246
8223
8211
9172
8444
7695
9337
7350
7559
8288
9721
9262
8597
7162
9821
8644
9252
7717
7113
7821
8931
8488
8854
8480
9282
9015
8262
9902
7916
9984
7029
8503
7454
8389
9137
8105
7913
8831
8328
9119
7585
9635
7004
7358
7210
8014
9542
9400
8477
7500
8629
8466
8432
9437
7479
9554
9140
8381
7134
9077
9636
8921
7927
7951
7361
9246
8490
8493
7564
9798
9609
9858
8295
9194
7291
7460
7352
8730
8819
7597
9005
7203
7393
9593
9589
7467
7821
7652
7866
8573
8762
7809
8626
8059
8565
8028
8465
9750
8791
7206
8735
9404
8825
7740
9230
9693
7243
9198
8276
8125
8813
7957
7389
7355
8933
7944
7215
8468
7175
9472
9271
8729
7441
9327
7167
7378
7749
8758
7362
8455
8274
8917
7925
9545
7925
7402
8822
8760
8387
9747
8463
8802
7580
8132
8410
7651
7364
9897
7479
8700
7511
7108
9577
9053
8587
7916
9692
9310
7642
9603
8899
8798
7700
9570
8739
9619
8675
9969
7694
7433
7827
8058
9917
9736
8216
7590
7302
7935
7176
8498
8828
7553
9709
7622
9824
8707
7885
8536
8065
9079
7020
9612
7822
7498
7648
8413
9494
9021
7933
7355
9715
9673
8621
8559
7958
9941
7358
9915
8733
9193
7488
9567
7376
9567
7955
7293
9706
8376
8234
8491
8660
7134
8882
8669
8949
8147
8809
8564
7676
9289
7867
7006
7315
9705
7875
7482
7530
9895
7178
9671
8213
7180
8741
9303
7446
8490
9376
8196
8291
9317
7318
9849
7195
9749
8985
9773
9708
7460
8001
7221
7028
9003
7006
9073
7821
7739
7759
7097
7488
7066
8676
7241
7877
8411
9293
7971
8625
9535
8089
8940
7807
9250
7305
8867
9499
7675
7747
7737
7913
7807
7833
7304
8370
8855
8856
7346
9315
9149
8269
9220
7474
7755
9895
9007
7865
7508
8223
9878
9260
8852
8065
8337
7753
7020
8025
8850
7237
8507
7284
9984
9369
9518
8902
9454
9975
7359
7926
9788
9780
7085
9206
8680
9705
9232
9408
9266
7675
9361
8599
8375
9325
8166
8983
8777
8155
7003
7147
7524
8842
8281
9210
8937
7800
8489
8760
8189
9492
9730
8691
7380
9259
8409
7176
9311
8653
7404
7737
8944
7746
8447
9452
7419
7152
8502
7456
9377
7899
9894
7859
7629
9150
8418
7283
8091
7313
7530
7146
9734
8018
8269
8622
9637
8228
7542
7534
7239
9168
7361
8741
8486
8897
9984
8480
8522
8878
9754
9325
7458
8129
9968
7336
9160
8972
8211
9760
7841
9197
7762
8074
8114
8496
8741
9732
9089
7521
9282
8969
9945
8922
7172
9357
7397
7563
9890
7075
9644
8712
8290
8248
8563
9444
8271
9189
7930
7139
9988
9640
9787
9437
9032
8438
7217
8074
9203
9670
8731
7841
8026
7594
9829
9444
7461
8314
9858
8041
7154
8861
7521
8880
7178
8150
9670
8431
9270
7232
7069
7057
7838
9755
8642
8396
7852
9253
7432
7733
8438
9222
8546
9848
8292
8987
8559
8398
8145
7855
8175
7005
9280
9086
7810
8595
9539
7404
9031
7038
9967
7420
8857
7125
7055
9727
8716
9505
8288
8918
8081
7222
9331
8414
7420
7945
9738
7296
8568
9343
7368
8815
8080
8649
7892
8468
9929
9176
9152
7126
7694
7072
7710
9418
8771
8676
8853
8856
7304
9611
9947
8730
7264
9747
8737
8137
8066
8709
7459
8606
7816
9460
7013
8693
9698
9343
9609
7073
7101
7885
8075
9790
9763
9435
9830
9566
7687
7016
7159
7287
9434
8122
9691
7616
9662
9391
9701
7825
9290
9791
9068
8244
8658
9151
9288
8175
7331
9195
9083
8173
9215
9428
8483
9188
8117
7734
7167
7458
8036
7726
9831
8698
8237
8715
9504
9392
7105
8809
9512
9348
7409
7137
7725
7736
7679
8565
7592
8944
7891
7817
7426
8819
9200
8731
8238
8755
8348
9638
8021
8903
8519
8248
9306
9608
7506
8604
7582
8842
7040
8101
8587
9521
8045
8990
9613
8544
8994
9308
7568
9675
7171
9347
8772
8776
8498
8594
8664
8095
9463
8763
8849
8776
7981
7033
8841
9971
8156
8643
9425
7159
8659
9187
8918
7016
9442
9323
9800
8202
7095
7172
7249
8167
9068
7261
9072
8134
8234
7346
7617
8261
9382
8675
8529
8511
9366
8933
7809
9601
7790
8693
7020
9385
7455
9270
9136
9900
8065
9999
9499
9846
7212
7992
9504
7046
9860
7646
9810
7103
7880
7959
9378
8113
7567
9112
8130
9930
7575
7891
7488
7435
7293
8409
9792
9858
9469
8342
7512
8102
9967
9073
9684
8229
7133
7832
7551
7612
7916
8662
7073
9538
8921
9010
9514
8808
7548
8714
8181
8848
8126
7231
9011
7274
8787
8697
9924
8845
9836
8073
9500
8161
9591
7831
8394
7718
9545
7798
7553
7454
8142
8683
7983
9105
7908
7281
9500
9497
7639
7490
7886
9049
9141
8393
7794
8920
8013
9608
9488
8277
7084
7711
9048
8918
7588
7040
7109
7329
8191
7342
9520
8088
8880
9968
8234
8255
8851
9849
7397
9336
7893
8266
8506
7993
8788
7291
8672
7969
8093
8553
8870
9247
7581
8343
9685
8322
7814
9938
9975
9802
7130
8611
7069
7651
9380
7844
9533
9489
8225
9176
8787
9570
7503
9683
8186
9795
8153
9953
8170
9834
8940
7836
9777
8200
9583
9532
7132
8347
8661
8364
7418
9013
7963
9984
9485
8981
9999
7498
8623
9276
8933
9004
7131
8821
9818
8741
9263
9738
7055
8887
8029
9256
7842
8301
9276
9212
7247
8047
9327
8233
9766
9458
8139
9815
8836
7980
8703
8881
8763
9463
8045
9454
8321
8691
8025
8185
9358
9310
8018
9776
8178
7744
7663
8536
9644
9598
7031
9915
9739
8509
8770
8892
7569
8692
9346
8380
9223
9323
7698
9915
9736
9407
9760
9636
7975
8390
7561
9814
7791
7639
8485
9531
7761
9225
7025
7958
9327
8637
7416
7996
8148
9571
7705
9127
9037
7025
9816
9590
9316
8936
7522
9369
7890
9060
7625
9550
8639
8870
7222
7267
7877
8029
9813
8670
7523
7954
7996
9449
9969
8860
9716
8735
7629
9666
7163
8946
8874
9580
9439
8087
7216
9867
8399
9580
7042
9815
9214
7715
7763
7400
7713
7669
8145
9017
9764
7101
7874
7140
9263
7862
7825
8231
9159
7319
8870
9636
8473
8361
9158
7506
8800
7517
8643
9677
7081
7171
9791
7587
8432
7715
8528
8278
7545
9206
9530
7717
9519
8822
9685
7982
8685
8099
7335
9595
9579
9500
9208
8323
7333
9308
7616
8878
7477
9667
9256
8932
7814
9930
9980
8178
7646
8042
9764
9807
9530
9438
7598
9499
8301
7563
7333
7981
9325
7547
9948
9061
8501
7571
9692
9174
8689
7765
8122
8915
9486
7133
8460
8231
9513
8657
8009
9556
7139
7941
7449
9502
8820
9179
7286
9937
9689
8696
7078
7348
8769
7295
8547
9479
8265
8542
9098
9706
7288
7599
9339
9845
7921
8804
8589
8412
9880
7929
8305
9172
7797
8065
9491
7065
8076
8514
8338
8846
8124
7075
8949
7595
8202
9707
9778
9594
7521
7999
8664
9575
9297
7773
9795
8626
9335
7628
8066
8770
9109
8113
7028
7740
9468
9822
8066
9570
9016
9714
7364
9297
9204
9355
7222
9842
7235
9952
7155
8246
9069
9083
8317
7684
9284
9170
8169
9046
7586
8619
8299
9226
9203
9724
9589
9591
7285
7905
9362
8366
8762
9410
8506
8940
7954
7148
9545
8058
8439
9340
7445
8876
9680
8761
8010
7706
7692
8636
8295
7419
7712
9658
8625
7190
8096
8259
9674
8167
7599
7523
9304
8540
7664
8534
7529
8408
8324
9634
7337
8891
7625
8792
8033
8454
7014
8335
8885
9856
8101
8615
9024
9167
7459
8061
9945
7864
9432
7471
8528
8663
8031
9345
8067
9533
8025
9875
7934
7133
8287
9293
9592
9222
7258
9924
7746
8662
8869
8622
9416
8844
7241
9011
9103
8861
9011
9483
7036
7717
9574
9414
8181
9349
9184
8079
9259
8428
8901
8899
7023
9347
8703
7948
9898
7872
8739
7801
9933
8428
7624
8170
8836
9829
8227
9086
8870
9026
7081
9155
9194
9807
7811
7528
9563
7583
7087
8834
7786
9794
7735
8280
9011
8203
9540
9940
7316
8719
8094
8573
9392
7138
8264
9513
7258
7961
7713
9507
7890
8094
9650
7426
8511
7546
7244
7114
7377
8980
7751
7442
7287
9882
9626
9658
9400
8279
8091
8723
9535
9931
9733
9198
7923
9474
7466
8908
8117
9654
9473
9581
8114
9657
8870
9195
8468
7633
7390
8401
9090
8152
8716
7809
7102
10000
7177
7737
8265
7646
8905
9474
9177
9772
9805
9329
9807
8009
7790
8456
9881
8919
9655
7703
9673
7674
8915
9326
7244
8098
7454
8542
7217
7388
9730
9937
7525
7729
8725
9129
8171
7676
7686
9926
8422
9451
7644
8790
8000
7101
7436
8279
8774
7781
8927
9442
9657
7713
8142
9741
8422
8650
9854
8151
9726
8678
9884
7406
7011
7034
7917
7820
8341
8639
9662
8068
7098
8917
9070
7880
8710
9460
7765
8940
7747
7275
9109
9574
8541
7250
9655
9309
8087
8149
8854
8082
8113
8652
8589
9213
7098
8448
9398
7697
7889
8225
9335
8651
8384
9143
8506
8453
8545
8806
7356
9797
8753
8525
7154
8233
9527
8976
7834
7693
8080
7472
7213
9357
8270
9866
7025
8190
8299
8616
8215
9097
7457
8899
9594
7696
8600
9382
9990
9286
8087
9818
9069
8231
9052
7906
7803
8666
8761
8997
7148
9165
7017
7884
8743
7917
7971
9682
8400
7380
8916
9542
7549
9444
8505
8644
7275
8988
9499
9489
7717
9726
9880
7039
8708
9484
7731
9748
7322
7916
8082
7746
8347
9249
8562
9804
8860
8841
8127
9337
9119
8801
8042
9227
9772
9783
7224
9449
7146
8130
9497
7225
7470
8690
7584
8282
8786
8167
9189
7699
8082
7507
9009
9394
9134
9582
7438
8738
7711
7321
8308
7839
7909
7667
7118
7528
8750
8978
9389
8719
7022
8565
7036
8129
9835
7315
8401
8930
7171
9893
9284
9659
7886
8219
7876
8525
8112
9028
9729
9075
9939
7347
7917
9369
8343
7511
7869
8479
9107
7145
9216
8881
7914
9463
9107
7449
8473
9592
8808
7735
7427
8639
8732
7348
9196
9412
9370
8145
7398
8548
8700
8398
7632
7436
9010
9027
7543
7390
7640
9015
8561
8704
7997
8173
7693
9733
9817
7660
8507
8582
9126
9845
8336
8208
9238
8881
9102
8840
7156
9145
8882
7243
7363
7464
9631
8083
9980
8413
9777
8698
9589
8756
8408
9520
7827
7747
9652
8830
9784
7664
8386
8437
9349
7307
7300
8662
8500
8919
9558
8003
8507
7853
8189
7567
8464
9093
7371
8844
9830
7945
7995
9512
8836
7004
9700
9345
7320
7551
9352
7655
7764
7849
7108
8834
7979
9039
9532
7892
7107
7901
9630
7384
7858
8789
9827
9538
7819
7422
8798
9987
7914
7601
8427
9352
8066
8683
7201
9151
8847
8899
7769
7806
9677
8705
9485
7760
9041
8585
9487
7805
7111
7935
8505
7897
7973
8655
9854
7081
7691
9338
8929
7375
9108
7952
8604
8413
7616
8111
9343
9674
8341
8535
9736
9330
8716
9543
7137
9776
7151
7429
9760
9050
9714
9056
8104
9104
8224
9248
7598
9903
7358
7171
8107
7449
8219
8270
9399
8811
7453
7236
9252
8827
7897
9726
9930
9225
9359
9408
9679
7016
8589
8759
9037
8056
9761
9802
7285
9113
7454
7867
9514
9680
9982
8799
9250
9729
7917
8475
9531
8519
7046
9879
8752
7000
7419
7692
9151
7563
8451
9909
8582
9498
8486
9929
8606
9001
7020
8689
7445
7830
8563
7245
7802
9118
8217
9200
7375
7424
8749
9737
8319
9969
7945
8451
9774
8008
7441
9054
8582
7283
7923
8288
9921
8687
8914
8917
8388
9379
7645
7936
7530
7166
7630
9829
8766
7626
8960
9234
8780
7175
8566
8348
8275
7231
7617
9649
7887
9738
9629
7080
7441
8121
9933
9188
9203
7319
8322
7526
7956
7204
8247
7313
8715
8262
9659
7565
9839
9927
7299
7999
8684
9129
9243
7765
8665
8614
7499
9520
7945
7751
7944
7949
7221
9817
7111
7207
9748
9060
9414
8233
9350
7904
9910
9487
8198
9781
9332
7153
8056
7232
9113
7028
8789
8017
8830
7074
7440
9268
9856
9661
8099
7452
9801
7906
8051
9747
7747
9108
8265
9675
9736
7754
9546
8331
9072
8287
8808
7672
8463
8479
9762
7547
7423
8498
8085
8750
8433
8495
9764
7892
7445
9413
9856
8920
8010
8077
7597
9203
8446
8928
7976
8212
8318
7116
9947
8093
7626
9278
7612
8269
9706
7447
9542
7076
9787
7835
7107
8141
7809
9092
8786
9006
9435
9720
9358
7451
7240
9068
7027
9080
9635
8374
9857
7236
9019
9158
8473
9072
7742
7884
9578
7349
8326
7423
7700
9877
9346
7410
7582
9360
9239
8933
7378
8164
9837
8017
7806
7881
8869
9565
8105
9284
8617
9464
9275
8527
7819
7659
7840
9393
8086
8567
9640
8387
9726
7318
9732
8174
9608
8119
7872
8991
7268
7591
8063
9467
7238
9363
8862
9139
8650
9496
9636
8584
9196
7920
8055
9215
7484
7862
8107
9838
9859
8988
7484
7277
9690
9184
8478
8848
8588
7879
7620
8549
7357
8095
8215
7078
9842
9046
7802
9996
9240
9566
8172
7179
8216
9612
8246
9397
8458
7798
9712
9029
7692
8270
7858
7905
7769
9083
8089
8172
7681
8506
7622
7172
8866
9718
8915
8439
9785
9444
7757
9796
9338
7482
8170
8465
7121
9060
9738
7529
10000
7857
8913
7799
9873
9793
7381
9653
8830
7978
8587
7614
7491
7631
7564
9501
8230
8974
7411
9929
8291
9870
9276
8852
8704
8393
9764
9629
8164
9748
7360
9106
9864
7769
9377
7282
7125
8902
9522
7823
9466
8607
8049
8542
8021
7152
7068
9939
8897
7308
8730
8071
8852
9503
7778
7117
7089
8951
8786
8135
9368
7387
7155
7231
7841
7452
7538
8145
7593
7225
8080
7361
9829
9622
7618
8334
7133
8890
9805
8409
7754
8447
8279
7130
7669
8756
9558
7608
9925
9990
8418
9772
7639
7598
8277
7498
8350
8699
7379
7577
9422
9498
8874
7531
8685
8572
9638
7143
9941
7981
7028
7125
7509
9546
9372
8076
8037
9817
7728
9298
7871
7982
7860
8994
9358
8540
7771
9062
9922
7981
9854
9439
9342
8380
8849
7618
7685
7265
8412
9088
8858
8876
9841
8809
8776
8518
7529
8155
8090
7260
8977
9195
8854
8834
7082
8662
9641
7776
7208
9788
9194
8801
9288
9956
9464
8596
7592
8047
9569
9971
8807
9292
7344
9200
9327
8278
7912
9990
7532
9000
7226
7944
7670
8172
7248
7112
7694
8862
7335
9659
8066
8796
8829
8399
7977
7005
9169
9215
9308
9158
8584
9335
9385
9309
8152
8798
9833
9936
7237
7804
7550
8102
9961
9217
9068
8159
9207
9256
8676
7281
9258
7361
8732
8646
8916
9059
8780
8290
9034
9138
8655
9399
8281
7275
8844
8525
9108
7049
7618
7919
7245
8810
7632
7830
9095
7281
9393
8017
9089
8121
9472
8566
9365
8901
9590
7915
8365
9312
7942
8828
7914
9866
7322
9656
9310
9557
8518
8554
9441
8032
8219
8383
7477
8861
8314
8847
8900
8180
8838
9864
7344
9402
8581
8483
7664
9976
9104
9834
7164
9691
7275
8277
8410
8586
8901
7825
9165
9351
7700
8768
9465
9864
8024
9697
8660
7004
7747
7483
7577
9018
9454
9689
7261
9542
8257
7508
7925
8977
8917
8739
7971
7778
7384
9567
9591
7655
9268
9039
8927
8223
8580
9792
7890
7749
9908
9013
7019
8555
8867
7956
8400
9306
9362
8537
8880
9927
7458
8032
7868
8926
7255
9674
9373
8144
9496
8737
8389
8899
8816
8809
8171
8346
8309
9783
9788
8652
9110
7403
7287
9114
9009
8265
9885
7654
7762
9593
9385
7718
7868
8890
9024
9544
7348
7992
7330
9442
7292
9490
7990
9360
7263
8648
9312
7742
9357
7149
7989
9707
8085
7777
7720
8661
8204
9350
7558
7959
7998
7659
7566
8190
9626
7789
7110
9670
9923
9172
9042
8809
9033
7015
9711
8889
8371
9785
7040
7106
8718
9830
7033
9914
8540
8268
9719
8659
8365
8582
7230
7844
8297
7702
9690
8188
8227
9703
8124
9751
9090
7962
7381
8829
7088
7907
7233
7894
8822
7963
7156
9275
9060
9049
7337
7009
7337
7125
8317
7678
7683
8349
7489
8100
8946
9250
9258
9467
8791
7996
8479
9076
7057
7369
8285
9078
7127
9279
9277
8361
7684
9454
9082
8667
7445
8767
8557
9563
8188
9524
9391
9949
7837
7398
8420
8300
9149
7462
8433
7089
8458
9014
7939
7551
9441
7319
7627
8078
7218
8723
8719
9813
8901
7146
8166
9316
8292
7262
8189
8334
8973
7413
8045
7421
8129
8868
8041
7235
7136
7959
8952
9216
9485
9678
9988
8432
9237
7593
7727
9537
8859
7360
7026
8789
8437
8197
9085
9360
8607
9791
9161
8794
7624
9369
7683
7390
9091
8013
7341
8411
9908
8188
8341
9021
8442
7443
9969
8457
7566
7012
8192
8403
8572
9952
8011
7666
7265
9801
8529
9853
8414
9658
8122
9392
8049
8492
9701
7986
9356
9652
8605
9655
8672
8718
7178
7268
9391
9082
8666
8032
8737
9876
7727
9541
9790
7407
8716
7561
8286
8292
7856
7419
9868
8201
8475
8050
8023
7148
8460
9789
9255
8382
9818
8737
9750
8638
8670
8711
7810
9651
8776
8848
7103
8700
7141
9844
9017
9121
9727
8054
9654
7850
9885
9568
7212
9719
9757
9226
8644
9633
7872
8131
8720
9160
8588
7009
9283
9572
7628
9628
7103
7461
9965
9606
9908
9338
7014
8169
7990
9925
8068
7736
7336
7450
7952
9262
9219
9135
9497
8137
7034
9982
8054
7797
9265
9515
8577
7320
9258
8444
7352
8642
7598
8791
9466
9399
9678
7161
7699
8889
7172
7908
7901
9566
8261
8899
7138
8346
9045
9498
8342
9031
9928
7438
7937
9279
8306
9182
9884
9758
7318
7372
8736
8906
7689
9824
8253
8709
9819
8767
9366
7033
9447
9737
7273
8700
9198
8975
7079
8375
8638
8462
9128
8436
8722
7333
9499
8994
7105
8709
8609
7226
7241
8642
9873
8952
9980
7033
9779
8380
8444
7262
9035
7826
8055
9231
9278
7808
9874
7686
7894
9021
9488
7959
8729
7748
7727
9568
7463
9721
8944
8590
9720
7827
9498
8154
8033
9808
8344
9526
8000
7823
9490
8848
9532
7324
9955
9111
8722
8365
9399
8274
7955
8586
9993
7598
9077
7866
9856
8471
8646
8051
8730
8120
7638
9166
9889
7000
7603
9083
9827
7971
7017
8564
8151
9663
8378
8019
8175
7823
9817
7078
8709
9127
7604
9504
9306
7401
9828
9977
7105
7153
8703
8060
9147
7381
8745
9730
9721
9465
7469
7352
9831
7135
9412
9650
7786
7527
9092
7559
8004
8821
9209
8694
7604
8561
8235
9697
8094
8467
7348
8482
9489
7335
8190
9577
8490
9439
9179
7153
8450
7143
8171
8764
9283
8552
9209
9930
9635
7549
9122
7023
8840
9395
9517
9073
9540
8243
7949
7024
9681
9328
9535
9422
8821
7476
9508
9786
7355
9491
9090
8629
9339
8434
9499
9826
9192
7640
7607
8282
8360
7816
7421
8040
8182
7973
8870
7187
9477
7580
7645
9463
9438
9389
8151
9088
8548
7854
8918
9652
9935
9295
9860
9543
8212
7690
9116
9387
8869
9042
7996
7801
8757
8272
9985
7667
8350
7518
9250
8701
9012
7389
8688
9993
8144
9337
8459
8737
7251
7719
7010
8733
7735
9123
8589
9852
7785
9353
8906
8297
8479
7086
8283
8585
7903
7198
8578
7418
7265
9431
9315
7355
7883
8979
8011
7671
7966
8332
9247
7916
7116
9122
9630
9968
9075
8337
7372
8838
7204
9050
9042
7121
9645
9871
7868
9313
7371
9472
7181
8911
9124
7990
8629
8481
7766
8905
8500
9519
7692
8541
7479
7143
9337
8039
8973
8937
9269
7352
8506
7313
7571
9136
8453
8977
8622
9824
8430
7708
9814
7138
9098
7021
7670
7547
9605
9739
9753
9349
7036
9017
9462
9366
9153
9795
9252
7972
8636
9271
7834
8750
9969
7685
8044
8493
9337
8719
9892
8297
8859
7509
7002
8491
7747
7584
8821
8972
8081
7189
7008
7383
9334
9235
9153
7222
7984
9599
7890
8902
8803
7323
8499
9334
7866
7900
9178
9692
8436
8298
7991
7317
8534
9132
7260
7783
7889
7106
8789
7859
9681
8533
9995
9367
8123
8174
9337
8563
8401
8047
7509
7710
7039
7656
9621
8819
9472
8868
7392
7704
9627
9692
7595
7200
9711
9685
9278
9352
8429
7315
8443
7466
9721
8165
9613
9919
9146
7530
7533
8122
9692
9300
9569
8742
7462
7219
8149
7785
8122
8386
8815
8511
9361
8945
9473
7768
8339
7867
9860
7047
9022
9997
9190
8802
8759
8551
7891
7020
7252
9728
9433
8474
7682
9569
7269
7784
7188
8127
7500
7725
7431
7187
8355
9881
7231
7996
9624
7160
9172
8226
9888
9432
8023
9052
8658
8523
9327
8858
7969
9908
7947
7708
7491
8591
8528
9512
7254
8883
9869
9075
8558
8111
9443
8078
7593
8602
9233
9728
8353
7309
9101
7541
7221
7642
8443
9088
9246
7868
8061
9758
8644
7563
8029
7547
9183
7716
8108
9719
9412
8101
9249
7007
7261
7052
9531
8403
9230
7435
9251
7204
8261
7164
7954
8874
8154
8390
9559
7107
7364
8234
7015
9945
7860
7227
7987
9253
8149
8392
8205
9853
9113
9384
9991
7759
8804
7509
9396
7082
7344
9169
9391
7383
9055
8388
8599
7305
9888
8866
8617
8357
7267
9205
9522
9336
7623
9155
8528
7985
8026
9944
8922
7578
8034
7616
7935
7666
7021
7620
7843
8895
7528
7342
7100
8288
8231
8039
7722
9177
9225
7574
8458
7839
7645
8197
7823
7368
8735
7729
7475
8164
7589
7333
9643
7802
7378
9960
7530
8751
8899
7854
8168
7108
8120
7216
7948
9335
9500
7572
7715
8137
9076
9149
7641
7939
9877
7155
9120
9605
7098
8886
8218
8507
8035
7076
8503
8842
9609
9506
9892
9165
7151
7708
7618
8043
9534
9541
7697
9297
8305
7169
7633
9856
8440
7583
7729
9954
9184
8102
8675
9647
7520
8528
9339
7686
9955
7226
9105
9654
9947
8149
7625
9091
8838
7533
7756
7252
8845
7073
8856
7138
9288
8193
8879
9284
7635
9676
7548
9486
7627
7780
9819
7949
7083
7216
8632
8682
8831
8043
8264
9184
9322
9876
8949
7752
7466
9889
8154
7820
7019
8181
7227
9106
9905
9993
7686
8610
9736
7388
9132
7796
8926
8114
8039
9254
8276
7572
9728
9148
9774
8511
9134
9500
8263
7953
8735
9460
8093
9869
7761
9322
8728
7064
7642
7616
8963
8690
9695
8807
7190
8386
8886
8917
9727
8438
8911
7878
8982
9391
7614
9659
9126
7947
7883
9154
9516
9651
9941
9528
9728
8599
7661
8749
9331
8282
9352
8707
8586
8195
7424
9863
9186
7104
8116
8414
7330
9499
8401
9699
7270
7742
8457
8569
8523
7822
9913
8314
8332
8377
7915
7615
7404
9849
7721
7407
8622
9234
7065
8397
7593
8652
8997
9774
7645
8844
9836
8379
9387
9644
8846
8734
8140
9050
7640
8217
7368
8666
8998
9218
7295
9645
8174
9277
8527
9998
9104
7169
9384
9183
9883
9047
7393
7170
9840
8419
9151
9402
9004
7379
8186
7723
7389
9077
9887
7498
9950
9768
8209
9921
7767
9407
7443
8966
7168
8029
8969
8319
9505
8103
7659
7579
9107
8044
7706
7370
9683
9104
9151
9460
8645
9221
8443
8194
7888
9730
8207
7984
9579
9223
9405
7983
7198
9244
9200
9201
9774
7092
8159
8650
9035
7922
8342
7028
7772
8828
8286
7614
9078
7503
8880
8436
8183
9692
9902
8216
9728
9641
8011
8551
8433
7721
9298
8159
7046
9493
9898
7830
7991
9092
9824
7793
7791
9869
8002
7543
7853
9517
9468
7831
9587
7335
9559
7420
9129
8827
9563
8234
8753
8132
7776
9357
8263
9021
7602
8929
7707
9970
8954
8892
8058
7744
9221
8021
9195
9828
7424
8171
8137
7847
8254
8992
7228
8216
8782
8265
9282
8537
9971
7509
9391
9226
7316
7417
7839
7621
7459
9979
7816
8686
7440
7739
8849
9616
9969
8906
9493
9113
7420
7177
8409
7538
9861
7289
7640
9464
7037
8777
7328
7006
9398
7400
8730
7734
8598
9698
9916
9750
7200
9842
9356
7360
7465
9029
8820
8872
8278
9564
9501
9666
8025
7982
7440
9234
8250
7797
7495
9737
7321
7717
8148
8750
8913
8513
7425
8044
9873
8489
8267
7914
8092
7120
9426
7930
8620
7792
9758
9786
9307
8659
8765
7105
7153
7517
8254
7039
8239
9725
7083
7282
9295
8388
9225
8488
7041
9102
7854
7593
8376
7747
8201
9640
8654
7002
9885
7013
9144
8914
7178
9271
8919
8513
8745
9110
9235
7812
9354
9797
8010
8794
9809
8941
7674
7807
8110
8905
9696
9966
8561
8610
7598
7642
7269
9824
8716
8022
8693
9255
9053
8972
7001
9754
9931
7322
9856
9091
7218
8281
9523
7205
7860
8017
8233
7113
7338
9023
7863
8148
9064
9897
7943
7501
8441
9077
8677
9934
9525
9391
9426
9894
7966
7977
7294
8352
7739
9650
8562
7554
9777
9781
9728
7599
9527
7019
8193
8631
9762
8346
9243
7062
7857
7028
7480
8506
8349
9658
9353
7769
9403
7955
7642
8598
8989
8271
9813
9581
7371
8046
9110
9799
9748
7899
7395
8493
9279
7414
7526
9052
7074
7818
9242
7332
9621
8135
8216
9603
9083
9816
7555
7607
8950
7004
7043
8453
7594
7496
7575
7622
7965
7583
7147
9933
8016
9809
7961
7821
8753
8155
9189
7860
9555
8776
8956
7329
8929
8901
7342
7862
7700
7545
8157
9159
8902
8844
7591
7807
7394
9527
7213
7862
8180
8240
7103
9333
9781
7390
7880
8711
8329
9366
7423
8030
9444
8673
8160
8534
9395
7306
8286
8771
8344
7727
7182
7664
9733
7819
8230
8461
8247
8939
7396
7610
9146
7124
8465
7987
7166
8594
8916
8735
9659
8794
7261
7584
9210
8749
8169
8589
7188
9627
9037
8594
8012
8010
7591
7186
7886
9155
7595
9792
9614
8000
9022
8747
8645
7050
8272
8415
7128
8380
7007
8431
8269
8085
9992
9568
7616
7014
9232
8060
9690
7086
7414
8996
8391
7619
7753
7100
9601
8002
8951
9830
8846
9386
9370
8048
7331
7217
9389
7444
9239
8250
9838
9510
9366
7806
7910
7294
9010
9309
7637
8969
8838
8122
9749
9213
7376
9772
9931
9964
8711
7086
9882
8928
8978
7396
8045
7001
7833
7225
9651
9485
9535
8111
9644
7541
7783
9586
8271
8469
9191
7509
7179
9318
7657
9586
9490
8472
8466
7150
8458
8955
8553
8596
8067
9705
8775
7744
7673
8435
7180
8821
7481
7294
9615
7379
8408
7829
8461
7625
8390
8928
8656
7216
7426
8633
9334
7571
9347
9918
9098
7149
8175
9019
9615
7295
9625
8082
9615
9102
8587
8271
7687
9494
7564
7375
8318
8378
7921
9587
8738
8010
7863
7615
7122
9911
9582
9186
8945
8048
9746
9978
9202
7008
8368
8334
9078
9420
8448
8389
8397
7242
8045
8426
9813
7967
7771
9978
9863
8632
8582
7793
7898
8745
9915
7501
9587
8349
7165
7122
9015
7170
7180
7165
7412
8935
8270
9207
7332
7371
8292
9894
7774
7238
7140
9326
8022
9502
8452
7874
8599
9143
9773
9189
9456
7212
9843
8234
8420
8144
7115
9007
7604
8371
7630
7839
7410
8506
9658
9514
8034
9831
8691
7275
7025
8029
7671
9288
7639
8618
8354
8332
7256
9535
7829
7318
9201
8794
7911
8225
9058
8071
8644
7747
8136
8470
9830
7218
7681
8393
8494
8017
8613
8300
8527
9008
8254
8461
9577
8416
9417
8570
8247
8841
8967
8032
7909
7646
8419
9151
8549
7016
7013
7856
7664
7696
7828
9614
7778
9804
7628
9633
8854
8946
7745
7796
9243
8919
8725
9435
8514
8842
8661
7839
7935
8496
9132
8258
8705
9428
9925
9595
8494
8663
8785
8230
7372
7226
8858
9977
9225
9544
8951
8553
7199
8386
7804
8045
9350
9756
9517
7285
8590
7672
8700
9960
9911
8125
9001
7728
7139
9350
8155
8639
8741
9283
7676
8049
8798
7584
9571
7107
7926
9552
7833
9440
7230
9449
9195
7699
8883
7118
8555
8441
7600
9749
8575
8518
7788
9856
7484
7668
9536
8138
8622
9036
8538
7788
8318
8272
7646
7676
7733
9758
8939
9446
8786
9175
8842
9784
7269
7323
9800
8202
8029
9689
8850
9465
7949
9495
7921
8712
7920
9541
8023
8826
7422
7895
8948
9302
9335
8633
9160
7049
8519
7254
8382
8104
7083
8777
8228
8785
8659
9733
9884
8191
7492
8271
8046
9373
8911
7734
7180
8393
8550
9369
7606
9206
7190
9744
7750
8750
8894
9234
9926
8524
9249
7137
8355
9617
9910
7485
7906
8057
8284
9587
8304
8208
8182
7257
9077
7363
7001
7422
8431
9332
7279
8790
7365
7620
9733
8822
8193
8004
9231
9197
8336
9810
8968
8888
9061
8920
7434
8338
9532
7715
9637
8674
8282
8930
7086
8072
8283
7004
8511
8780
8839
8466
8055
8520
9350
8679
9783
8594
8456
8466
9303
9125
9603
9893
7614
7983
7600
8759
8233
8654
9703
9276
7313
7954
8970
8856
7249
8780
8091
8923
8680
7209
7111
9633
9480
9912
8575
9696
9555
9003
8822
7256
9351
9597
8588
7941
8403
9991
9876
7078
7138
8043
7198
7876
9578
8340
8524
7069
8178
7601
8407
9862
7663
9481
9838
8551
7593
8617
7101
7409
7833
10000
9455
7099
9018
8910
8155
9671
7842
8466
9807
9331
7966
9519
9353
9235
8668
9043
8549
8267
7182
7248
8289
9581
8814
8205
7271
9618
8011
7670
9505
8518
7361
8966
9147
7159
9592
9774
9920
9221
9787
9600
7171
7652
9578
8493
8305
9349
8210
7685
7458
9012
7850
8348
8624
7093
9484
8207
7667
9889
8467
7297
9750
7671
8187
9818
9055
8952
7990
7476
9206
9360
7811
9677
7302
9632
9679
9274
9593
7572
7533
7901
7224
9799
7108
8079
9960
8122
7283
8853
9166
9769
8398
7847
7444
9862
7418
8670
7910
8608
7510
8633
9218
7390
9229
7858
7893
7199
8095
8454
8045
9255
7234
8476
8565
8992
8894
8021
7964
8613
8785
9986
8257
7242
7668
8794
7055
7217
7982
8528
7142
8052
7610
7451
9408
9466
8180
8642
9257
7027
7815
9978
8643
9345
7702
7884
7430
8736
8937
7894
9332
8592
7429
7023
8737
8123
9108
9307
7455
9246
9252
7719
9243
7783
9582
9809
9152
7561
7644
8013
9797
8129
7189
7926
7720
8166
8071
8938
8862
8559
8008
9189
8385
9348
8132
8674
7465
8903
9750
7320
8759
8173
7602
8540
8689
8582
9562
8315
9470
8368
7649
7744
9222
8338
7486
7068
7466
9986
8531
7990
8275
8603
9758
9588
8981
9503
9208
9581
9701
7865
8604
8257
9050
8274
7830
9851
8828
7045
8244
9335
8896
7327
7095
8248
9999
7766
7338
7734
8303
9580
7640
8185
8026
8959
7645
7412
8662
7074
8256
7851
7531
7252
8131
8809
7634
8100
9894
8055
9783
7724
9780
9072
7952
7717
7895
8470
8034
8088
9739
9495
8718
8921
7977
8478
8257
9311
9010
8842
7608
8038
9883
9843
9381
7659
9083
9030
8643
9754
8919
9593
7218
8969
8785
8767
8377
7889
8005
9772
7166
7082
8174
9103
7438
7876
8388
9442
7034
8206
9016
9517
8734
8149
7313
9167
9326
8735
7162
7126
9995
7129
9341
9546
8033
9834
7906
9262
8388
8726
7154
7197
9484
8321
9063
9626
7098
8763
7968
7594
8109
8402
9996
9457
9503
9098
9893
9749
8656
7972
7152
7378
9846
8832
9450
8567
8552
9703
7748
9641
7524
9055
9626
8831
7185
9318
7663
9307
9082
9191
8619
9702
7771
9386
8156
8424
9099
9060
9753
9233
7573
7920
8417
7717
8294
9846
7035
7620
9901
8659
8831
9192
9463
8095
8423
8139
9442
9476
8908
9404
8871
9245
7732
9262
7575
9024
9888
8617
9548
9506
7965
9481
8942
7289
7879
7611
8260
9969
9580
7135
9027
8142
8500
9969
8495
7459
7377
7832
8347
8106
8813
7438
9064
9850
8128
9913
7833
9339
7726
7663
8661
9594
9821
8982
7681
8585
9664
9822
8977
8694
7698
8377
7768
7399
9221
9502
8360
7905
9654
9576
9710
8845
7480
8662
8468
7861
7165
9776
8212
8615
7577
7680
8342
8609
7460
8593
9482
9657
8530
8993
8883
7392
9788
9041
8419
8311
9007
9895
9625
8277
8258
8078
9802
9052
7256
9765
7894
8486
7699
7385
8347
8369
7540
9503
7659
7974
7811
8058
9705
8123
9836
7334
7227
8475
8600
7912
7545
7576
8312
9348
7791
8685
9130
7601
9524
9032
8914
9882
9031
7506
9922
9390
8932
8184
8221
7838
9648
9970
9935
8222
9686
7170
7336
9835
8193
7205
7522
9243
7897
8532
7457
9991
8766
9249
7786
9923
8471
8478
8511
9326
9140
8738
7929
7347
8044
8892
8167
8574
8450
8286
7370
7311
9388
7543
7143
9235
8339
8369
7025
9517
7606
7763
9331
8094
9336
7942
8271
9760
9596
8725
7186
7839
8477
9309
9675
9774
9504
8403
7220
7424
7677
7340
9934
8383
8219
9974
8858
9942
9001
7540
7677
9273
8271
9079
9684
9223
7713
8697
9694
9743
8704
7852
9678
8008
9190
9940
9945
8012
9790
7526
8110
8300
7877
8034
8645
7397
7289
7296
8516
8537
7557
8913
7258
7388
8489
7572
8776
7589
8113
8121
8322
7277
9477
8626
7852
8003
8206
9701
8825
7069
7852
9561
7055
8531
7025
8000
8202
7335
8866
7527
8897
9675
9333
9084
8218
9139
8542
7180
7281
9158
9406
8830
9170
7798
8423
7998
7453
7234
9871
8575
8682
9503
9493
8673
9350
7817
8749
9856
7321
7229
8019
8818
7427
8950
9185
7943
8230
9734
9037
9203
8263
9062
9096
8173
8647
7448
8187
8685
8985
8026
7536
7998
7196
9712
9885
7434
9746
7423
7858
7992
8486
8017
9447
8172
9389
9872
7499
7366
7848
7865
8891
7821
7525
9382
9430
9140
9022
7767
9136
7239
9068
8525
8161
9718
7161
8307
7462
8973
7826
9254
9567
9548
7009
7535
8181
9539
7623
9282
9113
9074
7854
9907
8573
9664
9488
9594
8365
7217
7657
8569
7113
7405
8065
8025
8442
7307
8459
9259
8251
8623
9583
9995
7987
9653
7852
9408
7105
7824
9894
7669
7509
7285
7859
8125
8462
7665
8880
8998
7364
7036
7714
9988
9915
8279
9456
8133
8038
8779
8968
7815
9039
8895
8827
8588
8767
7901
7962
8334
7009
9999
8378
8933
8549
9529
9313
9747
8997
8235
8069
8800
8275
8887
8754
8871
9820
8420
8298
7212
7411
9101
8864
9882
9496
7630
8377
8242
8769
7107
7737
7105
7830
9469
9628
7782
9576
9945
7981
8792
8367
8545
7316
8042
8518
8961
7571
9469
9102
8729
8913
8034
9429
7992
8885
9580
7703
7200
8518
8065
8323
8235
8600
9155
9167
8374
7855
8293
7873
7437
9168
9405
7411
7813
8011
9704
8642
7586
7934
7222
8144
8729
7609
9614
7170
7050
7735
9430
7544
7501
8665
8761
8176
8666
7728
7880
8184
7750
7403
9723
9021
8286
8375
7547
8458
9929
9256
7616
8006
8662
9265
7433
8940
9320
9538
7880
8535
9151
8187
9274
8466
9302
8843
8939
7234
8621
7399
9432
9646
7651
7974
9147
9119
7465
8931
7741
8150
8566
8356
9969
9670
8647
8188
9364
7937
9572
7147
7482
8163
7941
9020
8637
9628
8984
7829
9306
8082
7089
9506
9295
7382
9523
9327
8079
9604
8286
9019
7124
9640
9583
9764
9724
9839
9457
8595
8444
9160
7607
8637
8865
7351
8396
8825
7905
9381
7773
8348
7682
8085
8010
9631
9723
9323
8747
8885
9532
9165
8855
8317
7702
7719
8819
9638
8421
7963
7596
8933
8299
9477
9310
8133
8793
7277
7489
8753
8491
9371
7388
8497
8315
8222
8657
7458
9477
9638
7327
9465
9302
7599
8716
9773
9770
8844
8140
8541
8497
8904
8136
7974
8217
7897
8374
7584
8982
7812
9402
7377
9414
9176
9026
9526
9194
8744
7034
9620
9069
9176
8942
9734
9301
7085
7679
7396
9764
7837
7222
8530
9094
8452
7340
9533
9157
7182
9365
8496
8347
9874
9754
9152
7352
8217
8563
8146
9304
9529
8705
8470
7372
7524
9106
7518
7534
9092
7119
8708
7920
7199
7063
9844
7568
8014
8941
9004
8861
8585
7738
9073
9360
9721
7436
9177
8943
9307
8175
8850
8971
8151
8412
9249
9870
8297
9294
8977
7833
8062
9910
7729
7664
9519
7188
8498
8830
8795
8660
9795
8895
7959
8930
7724
8926
8932
9388
7612
8548
8387
9289
8629
8858
8782
7205
7747
9489
9156
9356
8787
8242
8591
7271
9377
7255
9219
8618
7346
9099
7002
8261
7863
8946
8738
8087
7506
9747
8101
9390
9796
8767
7147
7009
8868
8610
8902
9845
7754
9040
8115
7953
9776
8131
7024
9136
9005
8195
8167
7095
8058
9826
8841
8884
9141
7192
9701
9130
7285
8231
8547
7902
7149
8085
7443
7910
9169
8681
7148
9994
9412
7532
7635
7022
9775
9587
7414
8932
8211
7617
8054
8937
8119
7920
8715
8758
8487
7381
7789
8419
9602
9249
8396
8354
8737
9071
8754
8565
7376
8309
7117
8123
9106
8836
9191
8454
9359
7341
7326
7080
8264
9657
9137
8433
7691
8062
7437
8515
8985
9549
7800
9304
9472
8266
9048
9283
9149
8679
9383
8990
7611
7938
7886
7020
9396
8128
7796
8386
9835
9038
7279
7748
7249
9351
7999
7582
9590
9369
7205
9146
8766
8916
8078
9847
8967
9139
8341
7133
8322
7702
8401
9603
9739
7872
9700
7278
8919
9340
8602
7009
7878
9207
9661
7018
7113
9606
7580
7253
7514
7912
8814
9985
7882
8264
8083
9283
7158
8185
8106
9723
9432
9753
7759
7140
7276
7985
9154
9414
9146
7188
8487
7439
8247
9453
8361
8831
8605
8274
9103
7482
7146
7706
8520
7492
8725
7381
7597
8779
9127
9273
8726
9770
7938
7772
7941
9437
7818
8003
7448
9352
8583
8440
9651
8922
8180
7644
9696
8391
7227
8764
9954
8033
9789
9182
8292
9636
9386
7309
8902
9981
9679
8242
8157
9307
8531
7057
9620
7061
8544
8229
8855
9451
8008
7465
8279
9248
8480
8465
9123
7891
8501
9166
7177
9568
9221
9360
8920
9011
9437
7060
9983
8971
7359
8629
8244
7959
8200
9441
7822
9133
9269
8461
9368
9444
9216
7533
9062
9226
7668
7792
9108
9909
8928
7473
8837
9817
9476
8640
9177
9783
9625
9078
9078
7294
7753
9005
7268
9205
8398
9695
8332
9227
7602
8966
8701
9595
9012
8462
8652
9526
8314
9579
8226
7668
9611
8716
7334
7153
7145
7092
7671
7779
8936
8791
8130
8315
9053
8499
7449
9364
7176
9742
9629
8791
8622
7203
8268
9377
7471
7325
7383
8841
8330
8874
8607
8575
7525
8695
8780
9725
9823
8519
7422
7671
7105
9308
7016
8688
7880
7246
8219
9515
9256
8962
9289
9068
8894
9772
8610
8832
8122
8691
7485
9252
9994
7110
9441
8692
7581
9857
7523
7836
7034
8889
7643
9539
8495
9152
9562
7302
8597
9298
7928
8531
7993
9408
9360
9435
8781
7052
7743
7779
9145
9684
9367
7448
8153
7358
8330
7162
7769
9220
7996
9584
7034
7339
7813
7632
9822
9942
7702
8822
9400
9438
9068
7640
8996
7075
7532
8067
7316
9285
7430
7336
9442
8618
8211
7232
9811
8042
9383
7743
9974
7345
8785
9015
8483
8738
8523
9544
9174
7371
7813
8963
9657
7270
8483
9941
8250
8763
7533
9137
8141
9419
9401
9906
7333
9237
8033
9756
8839
7280
9189
8527
8688
8026
7652
8126
9534
9463
8467
7601
8886
7851
9160
8637
9245
7411
8215
8891
9904
9091
9490
9965
9812
8074
7887
7235
9904
9861
7198
9413
7370
8789
8797
7132
7949
8053
9907
7362
7946
7864
8384
8351
7858
7359
9896
8804
9225
8205
7048
7613
7099
9549
9002
8217
7699
7027
9843
9710
9010
9611
8157
9858
7010
7636
7092
7181
9998
7310
9147
9593
7824
7152
8792
9128
9747
9335
9916
8665
8493
8674
9817
9367
7413
7981
7516
7943
8943
8311
9962
8949
7759
7008
8297
7152
9199
7474
8888
8190
9741
8055
8672
9619
7419
7115
9417
7427
7512
8856
8626
9683
9559
8055
9211
8228
8879
8300
8450
9051
8681
7300
9492
9408
7542
9280
8177
7750
8712
7372
9311
8525
9186
9567
8627
7015
7385
7351
9723
8540
7781
7094
8103
8425
7327
9369
9873
7615
8659
