54
3010 2441
8049 8902
112 9834
3631 2949
2177 7415
7616 9474
6052 1613
6794 6440
5034 6593
7281 4467
7260 2114
2766 3799
1915 6321
1505 1330
2318 2805
7518 3308
5197 4336
7194 2101
4519 9494
9308 6292
1335 8172
6856 8712
6454 4762
7008 972
1226 7195
6005 5452
3532 6894
1543 1986
6302 3844
6879 5732
8070 3803
1156 4825
9250 9469
9754 832
5621 5
4532 6122
5183 8251
992 8022
9777 2097
5469 7772
5217 2869
3492 7663
4441 9107
9783 2350
3273 3435
6654 8384
1795 9283
7504 1010
113 5875
7102 384
553 7134
1408 5470
78 5031
4542 4627
