59
24 8006
1322 5862
2704 2727
3822 8177
9741 9572
67 3357
2741 897
3267 9839
581 5532
8762 3843
6915 2374
3513 2158
1973 3717
6380 7981
3278 917
1092 4997
9894 8656
1284 190
8601 4688
5336 9243
8780 1242
5533 7421
796 6646
4773 5031
9953 1435
9361 8605
3131 604
2267 6781
8278 1748
6965 3616
1161 9637
2585 695
5322 4077
6545 5140
6780 4182
2110 948
3076 2987
448 1484
6255 4172
4451 7580
4326 2751
8182 6092
2827 626
9488 7206
6046 62
7521 6032
4894 1662
8703 3362
6256 3557
8793 6602
429 4760
1112 7976
6748 9618
9409 446
9217 7163
6054 7143
8933 1499
9000 4197
2651 942
