8412
7499 9018
6046 2033
5400 3920
9551 1263
6817 6446
5898 3181
7505 2263
6486 4345
9387 8334
4552 6958
742 2200
4016 138
8965 8765
8741 8551
9035 3447
6785 7301
7063 6225
6214 2579
1012 9325
1916 8665
3319 2811
7093 1536
146 7810
4694 2949
5513 2425
7680 3864
3028 8978
2183 4858
9702 1432
6676 5819
6282 4826
8717 5683
2411 4099
2477 7778
169 4313
221 1950
4672 245
4314 1753
3616 2404
2384 2009
7303 2034
8147 2502
177 9503
952 7910
4594 5917
9009 2339
9661 4319
159 1407
6780 3084
7625 1079
4115 1351
8035 9965
7873 1527
8854 5695
6412 7717
3511 3322
8546 1217
3197 1817
8696 916
5558 1916
6180 1972
6145 2421
7635 6880
2350 3407
8236 1801
8056 7803
4361 6147
9245 8292
4591 3359
4939 2138
7377 3631
4075 3418
577 202
1550 5967
7238 1637
8872 9952
1586 2959
3529 9722
1697 9474
9989 7359
4962 5015
4993 1802
8112 7023
7059 3261
2594 3741
1763 1018
7592 6052
9644 4927
8898 6059
4202 184
6744 7652
7985 5706
2068 2504
8224 3540
1141 3196
3892 1312
9416 4952
7116 6866
3145 5122
1806 394
7835 9085
8274 3579
6129 4502
4249 3797
5447 1985
7386 8405
7134 911
4508 5356
1126 9410
8571 4283
2066 7649
6181 7428
3075 6336
5652 2868
5040 4657
3975 8568
20 8614
9962 2231
632 1677
9287 8337
8284 619
9483 8217
2139 5563
672 9583
8522 6080
2723 4437
5473 5402
3456 1585
8735 3527
276 4121
827 2562
6218 8525
2302 6177
800 9068
1331 2812
5449 2792
1959 7972
763 6017
7642 5637
6476 7013
9652 4147
8432 7379
476 1361
367 1340
6269 1348
2249 2776
8639 6223
7508 265
3658 5407
6665 7133
9651 7316
6725 9787
1934 9817
4693 4443
3750 3132
2465 1679
1297 61
376 1882
793 6327
8977 6571
6718 1925
6137 1689
6250 3867
7932 2905
5046 1957
1173 1370
3010 2607
9591 3072
1617 5000
8040 6479
6633 7209
7513 7262
4737 8252
3145 1742
9008 7087
1960 3688
6822 5192
1562 5000
7341 2227
8648 1804
7285 2707
455 7464
2691 8589
1831 2417
6490 1733
1097 8646
8954 4015
6361 2669
5239 6896
368 9341
1223 5245
9189 1120
9959 1127
1059 492
2673 4948
2531 8183
1450 5885
5785 4305
8318 3388
1837 2488
5254 7279
543 7482
7714 8294
8465 670
9333 9278
8034 4353
8584 2700
7801 8745
9943 1150
5021 3345
4822 2658
4871 828
2017 7476
845 7362
500 302
1165 1230
1953 9948
9999 2082
8534 5781
3775 3446
2846 9744
9872 2922
4200 9604
7876 6157
4374 3114
9377 8526
1787 803
4708 5431
6165 934
3268 4517
1257 2455
146 3860
8203 8589
4953 686
5443 6188
5152 9812
4979 9082
9880 9648
4186 5388
8779 1290
4384 1488
239 8946
4209 9051
8205 2472
296 6808
374 2162
3094 954
1949 1381
4224 1583
4190 2862
4710 8710
2136 1184
9552 1447
9578 6346
5068 4389
755 1684
1164 2083
7167 5839
4725 9341
540 9196
5158 8840
5292 3060
4251 2247
1365 1783
9155 9647
471 5373
4666 9452
7536 913
3568 8677
6157 2484
8407 7669
1822 4226
2612 5588
2169 916
9216 7063
9936 1343
192 8381
4325 729
2644 831
9028 2672
5124 8745
7661 272
3724 1490
3069 5958
4312 2524
2766 2620
497 1661
6995 7602
4181 9071
3283 1154
5347 6028
4317 416
8707 3573
3236 1651
7546 6749
6746 5704
8454 300
7490 5424
1141 4442
5812 4749
1282 2605
2446 182
7082 7957
4442 5601
169 9924
5772 1394
8162 471
7769 3337
3481 3181
5596 1496
2158 6669
8247 7591
7795 1652
2882 8188
7935 5863
1915 2711
4732 5278
317 8648
6863 5428
3420 1213
1259 7011
1272 9643
9350 2465
6525 5400
4027 664
84 581
5674 4507
9994 241
5733 3478
4473 3183
2770 9944
540 710
8740 4530
3645 4211
1427 2084
1224 5074
4218 8435
9648 5420
6295 8087
6478 7087
7393 2829
9851 9974
5699 7125
4159 4595
6763 1587
2605 7319
696 9854
2440 8114
8789 535
2284 3919
6429 9977
809 1375
4000 7396
3629 6120
463 526
7935 8365
8641 6827
8541 3908
8723 6042
513 8607
3094 6933
9623 238
7239 487
1126 9730
5511 2083
7233 1553
5919 9986
6567 4987
7509 160
1059 5128
1222 8908
2188 3889
1020 8340
8674 304
4725 3490
7069 3890
7790 8817
9321 9232
1730 6502
8700 6160
1944 6192
2990 1908
5357 1178
2872 1156
3013 4632
925 9233
7246 8078
4109 1143
5555 4104
8625 3219
6172 7064
6676 2271
4372 5561
253 4961
7367 2971
6555 9871
6893 8068
5980 7107
743 1499
8055 1261
3790 4630
526 8021
5643 5813
4943 6335
4722 3125
4072 5305
450 1481
7457 5439
3752 7679
2017 6488
2528 534
3879 5176
7477 634
7362 3237
1388 6166
1098 140
4393 7352
7054 805
8426 8028
1079 517
2600 255
1195 6163
2958 182
8912 4135
5208 2444
2559 3377
9822 3707
1970 1214
1450 759
3714 897
4314 1597
409 622
283 5293
9838 999
238 6134
6405 9028
6328 3667
4443 3598
5379 6569
5507 1680
5103 2650
4857 9694
7229 5732
5700 3424
9317 3797
8920 2806
6975 3088
1502 2657
5758 7989
5342 204
1835 5580
6567 2520
5223 5317
7014 451
2777 3477
1370 86
9005 7137
1587 8797
3060 7131
3035 3357
458 5363
1907 3013
9366 2811
293 4932
4689 9534
1195 8157
9405 8480
2195 8858
1463 9441
8438 564
849 1786
900 9617
2007 5973
2732 4640
3800 1807
7421 808
399 9581
2274 6518
8153 2596
9207 8429
3105 8821
5867 9901
2076 7112
6158 5786
5439 6441
4378 9325
2840 9765
7359 8563
1820 6085
4059 1168
403 2304
6841 3884
6109 2297
4644 5886
9603 3926
3244 4763
3196 1280
3029 1292
387 2790
5489 2447
4674 332
1774 8874
8387 5063
3972 1593
7308 2038
3201 9432
5461 4728
2358 2566
7233 8630
2293 1375
4354 5915
4138 5544
6306 8508
2750 161
474 7943
7642 6521
9855 6610
2581 1062
4012 324
5024 8734
3560 3158
399 6258
2739 2146
4256 4919
1787 6366
6097 6062
6763 9769
1432 4060
7680 5920
7449 2808
9630 3115
1352 7130
947 8316
7185 7390
7370 633
1677 7593
9190 130
6494 466
4567 8178
9152 2496
936 5734
5617 5290
9315 1808
7114 6141
9409 1422
949 3865
2488 6881
983 7163
194 9280
3446 7749
5372 1550
8613 8554
1911 4119
8361 756
7739 4661
9121 3235
2866 4890
1569 1748
6082 8839
7576 6341
432 7917
9547 8982
6541 1826
2599 4877
1792 6581
591 2674
7330 2235
628 986
1676 6461
8290 1385
2023 8503
4147 570
659 1160
1893 2692
5347 4412
5580 4477
6971 8439
8706 1068
6511 9115
5458 7167
661 6910
8749 7991
5123 7723
9104 5719
1622 2544
8693 5871
4986 7200
1990 5679
4081 7491
2231 7474
7542 708
2124 5755
6935 4167
9448 4431
1440 2266
6844 2857
1103 9970
8738 1172
1622 5385
9650 2092
3223 7901
3082 118
5546 1475
3363 4745
1232 413
3781 1727
9241 8448
5795 8247
8760 1953
1452 8141
7885 8549
4959 216
5246 4582
4051 4634
5312 4765
6982 6494
2635 4126
626 8104
9955 9727
3545 4924
7551 5469
45 9158
2173 464
260 3593
7293 3265
8055 9320
9564 653
7350 6041
5129 4478
7701 5592
8976 3602
2792 2910
3349 1812
9801 6134
837 7010
535 1026
9192 6072
4976 643
5882 1907
9430 8016
9261 268
4072 3402
2152 38
6800 5821
5046 5808
3050 5453
9653 3361
86 1420
7145 5827
1906 7796
2214 1013
7688 6414
9373 3914
8396 9867
7427 4800
5507 3866
8687 5324
2956 9613
448 8113
700 7798
6018 2875
220 8799
4697 9253
4617 1371
3459 8782
6884 3062
576 730
8040 2153
2573 415
2406 5990
5366 78
2460 2656
2051 9443
932 5168
9372 8314
4144 4796
5216 4628
6253 9277
838 862
5362 5550
2683 5808
6333 7015
9445 5001
7915 5430
9406 3185
3365 5959
7697 5051
3933 6846
7004 2244
4599 4012
4297 3321
910 6736
4682 3718
6614 3795
9410 3345
1928 5676
4321 6435
575 6140
2888 7657
4657 5117
3446 884
4337 7510
7025 7447
1726 856
6071 8844
5003 7171
8168 9622
7997 717
4963 8533
5351 8428
880 8008
650 6586
6331 7160
2191 3477
4582 9583
8847 4777
8700 1450
3792 7149
3064 2996
2257 2032
4790 3379
7773 5205
9274 7041
2447 3034
1106 5928
1749 7839
2396 4485
4178 8629
8981 4892
4366 3812
5775 6608
6766 7834
5020 4784
522 1183
8491 5628
9668 5962
1779 9190
2585 1119
4144 9329
1641 5383
8295 8220
9379 5145
4834 4829
7538 7935
4458 2278
1092 5716
2524 1381
4843 1604
3565 5000
7793 6781
6187 4097
4785 9589
9809 6477
9460 5124
318 4354
260 7091
2517 1678
5897 512
8763 6960
8842 3228
7698 1561
4700 1086
6582 4321
6921 6989
7335 9311
3244 7488
3039 1692
4466 335
8052 8277
8543 4496
9997 6704
8736 3258
8981 5225
3299 1372
7159 531
9597 6431
5378 9435
4588 164
4904 7114
1343 8966
4184 2835
9363 6242
5377 4014
8713 6457
5567 8324
1966 4395
6467 5752
3030 6550
3429 8649
2167 336
5515 309
7418 9678
4847 1097
9863 5515
4010 7642
5371 4655
9969 5826
6385 2718
9852 4077
2823 1687
6605 8379
5366 3770
2805 3066
1770 8300
4051 2410
778 9495
5732 2150
9672 9422
5211 1760
7612 5364
255 2770
4927 5733
4279 8885
9457 4066
8163 2177
6392 4221
9533 8347
3 3612
6773 7138
4682 2482
7807 737
4673 3489
1208 1160
5606 373
2395 7120
1390 1949
173 8205
5929 6411
1719 5659
7831 6877
7715 8947
7546 971
9066 4106
1631 9249
3622 6327
6539 9749
2571 5736
5100 5445
4895 3037
5014 8360
5750 4964
2386 1397
743 9056
7095 9593
2921 7649
8340 9957
6113 2807
6848 2464
3763 1513
9344 8552
4334 642
8506 2788
2329 568
8264 4125
3551 6669
3146 2284
9831 608
8548 7468
9367 2026
4721 8252
3492 802
8857 2145
4273 6853
1355 5119
7259 3323
9091 5224
6602 3816
2569 7192
6074 3953
5943 8250
6121 263
7070 7400
2765 6409
2856 7842
6636 4493
6827 3960
4763 6117
2244 9843
299 1588
6683 8311
5077 1939
1765 1534
6151 1240
7493 546
7320 9153
4802 3655
2503 1679
8796 9546
4462 5147
5069 5267
4605 1445
5765 2594
634 8634
6176 4920
2628 6895
2670 4233
6425 3657
9123 3711
6233 3429
9738 6764
1419 9001
6263 7482
1474 4065
6102 4065
984 6859
2630 9422
7598 1244
8827 7574
2749 4728
8820 6212
6705 1423
3497 8460
6635 4363
4616 6422
8392 5064
8560 1095
9705 235
5413 7931
9358 1744
3153 2194
6926 5299
152 6530
5539 319
2607 635
9414 5417
1907 498
4549 2631
7347 2362
7660 1171
9830 4608
195 2130
6348 3844
4162 6468
8967 2684
2456 6700
3964 804
8981 8670
8700 5280
1550 4692
6745 6413
4382 8342
6091 6132
1730 6435
5888 7678
2568 3522
236 2460
1578 5762
8344 6043
4915 5102
9302 4645
7663 2757
1783 1295
4533 8784
3799 5987
8770 638
6492 8284
6334 6380
2261 3917
3327 8580
1253 9537
393 1264
1459 5513
168 9190
3982 6795
5588 6567
3922 9000
9619 221
6190 6465
3668 4247
3220 7066
2789 226
3855 5554
9812 9410
5628 4068
414 1876
4024 9414
7606 9076
745 6462
9946 8533
2009 7168
9197 9516
6165 5350
4547 2671
5774 4535
8253 4015
5940 8992
8616 5654
361 2769
1487 3863
7185 9549
5033 7321
6982 886
9946 2474
8001 6019
9929 7043
2581 7731
3406 5
8889 1035
8753 3305
1097 6442
7650 304
6597 8741
8902 3570
3792 6826
8408 9098
2020 1879
4437 3650
8731 8561
7898 8647
1403 165
2032 5299
1008 433
5787 7651
1544 8992
7925 2238
839 3374
569 6573
8716 1502
4163 552
5543 377
818 7244
6702 3800
5474 6158
1452 4334
7757 3249
9984 498
2965 2874
5569 5160
1192 8299
5308 9568
1689 7637
9654 2976
4952 1843
3407 9282
6854 1061
2544 6061
9387 7196
8552 9625
2353 1040
1261 7014
6462 2722
1676 1509
8920 1426
5105 6309
5932 5799
6177 974
7411 6951
9608 8777
1533 1100
2037 6589
3174 8793
4396 2399
648 4050
3604 9700
1703 7433
2611 3275
1323 8775
3134 3554
3773 8717
9563 3962
5840 1552
20 5400
7004 5593
9965 3635
7001 2641
9330 6092
1473 1279
1612 2322
1815 2629
8377 7278
5241 588
8901 9322
4860 5338
1387 8586
7437 7855
7744 5535
253 9424
4197 764
4118 5878
7142 2338
8905 1348
1435 343
5615 1875
6264 8668
8222 8159
1472 3038
3869 1775
7617 4061
5466 5866
2060 292
2680 7213
338 5180
6927 2113
2904 8601
7367 4673
833 7014
7763 2590
2918 6906
9693 1774
9665 6561
2675 8159
3236 2637
9892 617
8417 9830
5743 170
5347 3341
9229 7734
6075 1178
9877 902
9676 7544
5290 1887
439 1542
6651 7083
4127 7710
9259 931
9948 8275
5216 9187
644 1206
8010 7414
6509 3908
2160 9957
2850 2899
9057 8831
8568 4326
5241 6100
8498 6831
6615 1703
9182 8193
9108 7894
3130 7397
4737 1653
1320 2353
2361 2175
3671 3191
9645 6020
681 387
9387 6818
6947 9001
2787 1126
2311 3685
8515 8627
7441 667
196 1829
7292 8259
4199 1182
2532 3863
8394 7791
7085 7108
6709 3209
8801 8495
4464 9475
3043 9403
3074 5365
2204 7782
1653 3773
6062 9480
5459 6107
996 6123
5609 1487
5300 5122
6908 6575
401 8809
6882 1800
1722 2257
3371 1092
8846 6672
4646 5391
7347 9453
3601 5898
5128 7210
9771 7477
7979 1261
9950 852
7116 3896
5904 269
5304 5595
5717 1772
8367 1816
1539 9926
9788 6117
4556 4759
3452 2038
5336 404
1447 3545
2797 426
7046 1230
5785 3625
2324 662
1480 7027
9904 2313
8476 5356
2978 7341
6577 6150
4669 5551
2928 9400
8683 1925
2491 2811
4261 8818
9090 8104
6423 3115
6030 3987
7694 907
1878 4674
8518 4083
4658 8297
2122 859
3113 4302
8212 1042
2635 7891
9900 2301
34 5175
1508 9633
8469 7389
9085 8601
4172 9979
9643 6463
1155 139
1901 9111
5071 5513
6458 9146
582 1576
866 9227
854 1237
6891 7316
5609 5584
2610 1255
6930 8629
8853 4697
1043 5440
7961 3350
1501 444
8214 4670
7516 4428
1377 2591
7147 3726
1155 4904
7709 9730
36 5043
269 2331
2393 286
5256 241
5533 4707
4647 6592
8251 4448
1280 3974
7768 990
9298 1584
6565 4951
1113 3326
2873 5644
8703 6978
3252 4481
1507 604
8075 3836
1144 9028
2569 6739
8178 7612
4578 1709
8788 7921
6631 6212
7377 9295
1768 7092
5966 3402
6071 1883
951 1126
8082 1551
820 6663
9035 3060
6564 6717
9082 3717
1122 6236
4494 9907
6054 6289
9461 6544
2620 5693
8411 4198
1010 6054
2255 2997
2576 3125
7843 6815
2621 7145
2465 2544
8074 682
8497 1854
7777 2483
6712 6951
3809 8436
7622 9654
2172 5115
2905 3372
443 3268
1903 6178
2685 6059
1189 6031
316 3925
5283 973
3450 7374
3059 8223
418 1652
3746 991
1915 5862
3008 4631
4449 5504
8673 9133
2141 5150
5051 7675
1081 389
9834 6057
7464 3684
3671 4489
1929 626
4989 6314
4136 5714
3315 6356
7394 671
2948 2560
2920 428
4970 7006
3909 1834
5015 6723
867 1672
8336 7990
5109 9925
8437 6038
3511 8729
8223 8702
6077 6614
9235 7591
2463 9129
996 9523
9875 7753
3908 9085
5644 8180
5599 8426
6599 1175
9718 9937
6347 4148
6990 161
58 2589
1940 7780
7547 3695
3788 6230
3022 3691
4328 2577
5224 6457
4006 4005
565 2056
3599 9948
9119 1271
7918 6451
652 6973
3135 4825
4523 5799
9660 4663
5807 4127
228 1401
9490 2225
9390 3309
6450 5251
6220 7000
8560 7930
583 244
3712 5403
8829 7317
4405 6539
8839 8291
6973 443
6395 5107
9435 7933
8874 4735
6427 9637
3780 5111
7567 2194
5385 436
1688 8240
4545 8550
5854 6127
2896 8077
156 1665
6037 8955
1613 3153
5434 4578
4392 8327
2333 3763
6661 891
8291 8609
8663 2928
1684 2184
998 3869
4136 9182
9520 1602
941 5818
1627 3751
9069 9511
3015 161
7654 4249
6817 5815
9814 6899
631 6937
8685 7703
9319 9342
4562 5838
9807 6639
4116 7790
2887 7992
9222 3808
1310 4207
6193 8037
9490 3348
8645 4917
2972 4642
5292 6288
8786 2657
2830 9210
4967 6163
2116 7751
7635 21
9942 1368
8377 8701
4075 6317
7883 8303
4465 1127
6027 7331
4227 4599
9223 400
9305 4479
5761 4838
7322 8674
9337 9956
7883 5296
9727 5197
7684 9695
4731 5549
6904 8498
3272 107
4600 1031
7664 3834
6289 2195
6314 3904
2328 2680
2076 5044
4110 8198
6345 5675
1834 5556
9718 2771
2785 818
2771 9541
5813 5005
9107 9332
5030 1450
8687 3919
5267 3923
3982 5756
1670 1708
3000 1605
8116 4594
9405 7029
9355 1769
2157 4389
886 3708
789 7426
1935 7171
3358 442
7627 1720
1451 3220
3616 2072
2902 1814
7717 5335
766 8301
5633 9125
4921 4736
9826 4974
5596 2415
4100 3610
367 9392
6342 5447
5776 5995
9038 8572
2311 3971
1637 2574
3471 1662
8729 1346
7610 6078
6551 3143
9885 765
2928 9359
1548 5297
1392 9994
760 7831
598 7672
5441 1939
6576 38
6223 7
7044 7105
638 6353
3203 6329
6801 7040
4913 9154
545 1357
4822 34
5203 1212
7839 3293
9022 7620
3834 6780
228 7597
1925 5900
3942 1665
4666 765
2302 4348
2375 7876
4809 7311
8865 7792
3903 498
2607 5110
7655 5118
4652 7943
1901 2255
9354 1783
3619 8545
1320 1220
8966 5992
8136 2807
7120 7925
8421 595
8584 6113
3329 1059
8043 9171
8298 1814
3166 8310
8664 2213
4965 5471
2722 9907
4437 402
3003 8464
4607 1769
6225 7559
4103 954
4359 8248
1581 4174
9538 1742
9796 530
130 5049
4261 3518
6719 4995
812 4470
1777 5806
2897 2545
5009 762
8067 2669
2994 7202
1219 6179
3953 4979
5124 7119
549 542
7722 416
7029 6343
6947 2230
4705 4998
5287 5451
76 3146
2217 8294
4843 8335
9882 3078
3662 4027
2133 1851
9644 6021
2240 8592
2174 4780
5126 8426
6139 9725
3747 102
7111 7959
9308 1463
3584 8084
6558 9411
498 9383
1264 4490
9832 2052
5843 9877
6928 4896
7891 4474
567 7976
1383 7566
6199 9161
8633 6421
2960 1056
2492 2042
4102 1827
7076 3681
881 5602
6549 749
8749 3611
1659 1408
2064 7092
690 5
5878 5101
8145 5800
9364 361
9575 6975
6288 5857
4082 4111
638 497
2605 3997
4693 333
9858 7892
1881 3119
4332 9917
2122 4345
2427 3093
9824 188
628 697
5861 7637
6495 7475
3784 179
3097 652
4508 9589
5478 5132
7668 8297
7876 643
4032 9271
5173 8449
3200 5146
9335 7180
5561 3585
5098 4099
3398 2409
4682 2131
383 3209
6371 6939
3801 7529
8027 4364
3261 5379
4713 1100
9942 6036
6657 6373
9628 5799
3711 421
9213 389
5396 8503
2731 6095
2961 5961
9679 6952
3234 5119
8710 4644
6572 7109
5867 7318
5975 8336
1953 802
2666 61
6247 2015
6874 7991
3137 807
3884 3736
3476 9784
2130 4919
507 5560
1666 143
5538 4651
4251 563
3158 6009
8427 3442
5843 721
1418 2066
582 9669
9490 106
6904 5574
1419 6468
9653 2848
555 7868
6154 3316
6797 6026
6567 4219
6488 3261
498 2574
2375 51
83 6151
2010 7925
1976 8299
5937 1063
4472 9076
6359 2766
2810 5452
5071 7751
486 1715
158 8015
6087 4202
899 9580
4537 8889
7400 5308
1626 4019
7571 1486
840 4784
3060 7005
2606 8537
4318 6158
2832 446
1529 2121
8634 7751
1199 966
3604 2533
4943 8736
3687 6448
5977 5128
3267 5945
8627 3376
461 7554
1616 5203
8013 7945
2641 2796
234 1862
6348 1126
2986 8483
7218 680
1425 3687
4787 551
3357 6017
8770 8336
6634 4369
381 744
277 5410
2818 2129
896 3588
7944 6707
8972 6914
9284 1275
6835 8068
3437 4396
414 1715
5329 4921
3603 7910
332 6504
8890 5292
3173 5105
9824 4408
764 8356
8061 9248
4639 9180
8891 9783
9786 6993
1515 5736
5335 6664
7267 9255
3927 5009
2858 3654
1673 5657
4273 7050
3883 8793
7207 3934
4478 811
3183 3773
9033 5479
6179 8577
7322 908
624 2731
1038 7938
3426 1108
408 7268
8643 718
2736 4818
5546 5246
7819 1713
1157 6459
1434 3912
9584 4176
4550 2319
3140 4424
8068 6397
6315 7055
6108 7618
8293 4914
8106 9653
5209 5095
254 1096
4970 5373
7925 8895
7394 678
9280 5096
6278 9400
6954 6509
5575 1783
2161 1831
5990 655
7348 4957
4862 8556
9102 1188
2396 5680
372 7883
9455 6081
9899 6674
9394 2418
8508 2412
3121 7758
3539 4975
9294 5023
207 9073
6506 8148
1763 6478
8717 7955
4784 2560
5388 3705
6020 6751
9994 3890
3693 9505
6093 3557
8175 2341
6509 6039
9160 6162
2670 8297
3251 4172
1107 429
4243 450
3891 5787
9273 4960
2278 4370
6980 5860
2243 8012
630 5697
4306 8557
4479 3462
3813 4788
295 9880
9598 1061
2633 4605
9611 4198
1841 7741
6999 307
287 3285
9767 9460
6733 9387
3424 3685
6984 2035
6596 8732
1478 455
1426 7240
7809 3294
9173 8216
3284 1792
1265 5570
4589 709
8244 2042
3006 6822
19 3820
3202 5730
7934 8908
6233 7084
4044 7575
5690 9293
8442 9327
4160 1023
2128 7727
7252 4268
2537 5723
3867 1626
2288 1473
2025 5087
4265 3545
5135 4123
3025 8253
7127 8555
5834 6805
6952 6321
1361 9348
8957 5520
886 9944
7107 9695
7251 5817
9494 7140
7211 1809
691 333
329 4274
652 5389
9460 3875
9513 8980
4450 9681
2360 7748
8351 7909
1425 8985
9650 2918
4320 6784
284 4304
3704 1297
3049 5476
3702 8910
2058 303
8225 1218
191 4048
4559 7496
4815 3745
1929 6778
2526 4502
464 2958
6784 3549
6117 1367
3123 2993
4964 2662
1244 2388
8218 2771
1010 940
303 4078
1523 8718
8310 847
4062 8006
2699 2438
4197 4585
2022 7186
2562 1678
5534 5077
637 6222
718 8267
4107 8824
3219 51
8379 4477
9436 1528
6013 4380
8261 7761
8924 9603
2343 8579
4020 6097
3072 9775
1935 7135
8275 1003
1996 4489
875 1465
203 1195
7769 6232
2672 316
2058 1176
9922 7646
5322 3991
2216 3105
9452 9614
9683 9280
8841 846
2296 4626
6943 8889
3125 1226
6824 6290
7525 1111
4560 9639
1023 3887
995 8295
4824 8522
1215 6812
2273 5568
6368 5105
7580 6651
1770 310
790 4861
1663 2994
4350 147
4742 4967
8751 3560
428 3850
787 8003
5132 1891
6514 2077
1859 1634
4197 3925
2930 7511
222 7496
6614 3474
3636 4823
6739 3618
1660 2051
9803 2224
9815 4536
7691 9788
9388 43
6200 7742
9417 4789
1785 6864
9535 709
2987 5941
1840 3312
5040 2502
5649 9616
909 4936
8498 1682
3924 4608
7264 2948
3344 4528
965 8875
5234 9319
5291 6255
3149 568
5730 7735
4079 8173
4198 6524
3408 6370
5420 894
3786 3557
5216 4386
8265 2082
6511 608
1872 9255
2400 9348
1756 8755
6199 4357
6895 5784
1598 5225
5188 5198
4855 258
674 4006
7129 7708
8773 3857
9438 9314
9599 641
2034 5655
5808 1688
2545 5111
25 5418
9238 556
291 9744
8214 7377
6433 9988
1596 8576
6119 9067
9997 5458
450 9204
3403 3228
5501 6708
3189 861
8514 8379
5989 9149
7618 1739
635 4057
1795 7447
5521 912
2591 7657
1689 3399
2919 101
1897 283
4708 1199
9237 8314
5945 544
1271 4826
5260 3769
193 3320
2044 178
5134 464
6079 5959
9951 2530
4039 1184
3241 2811
3354 7690
5070 9826
1732 2321
5445 2458
4316 8981
1229 8297
6997 5787
6603 1760
3376 474
6104 8621
4273 3773
3851 4276
5422 7252
5687 4608
2305 653
9132 3495
4208 8019
1809 7667
5640 9702
1260 8297
8328 7484
3946 7048
7177 2417
7562 2619
9713 947
945 7862
9126 976
1484 8472
5670 8997
2420 4092
7790 4471
7292 3894
4726 1862
6726 1504
1111 4281
695 6761
1628 2921
4775 3274
2611 2737
9260 7254
9820 3408
7956 4569
7941 8250
449 7835
9962 635
7116 280
3633 1173
4479 6449
1776 1358
6996 4608
3799 5833
406 7820
7174 5238
2670 6651
926 1924
2771 9194
4348 8407
6427 8486
7559 2890
9205 9270
9646 3148
2372 2035
8550 5175
1301 58
6982 2914
1404 8025
4540 6089
3089 5850
1759 3924
4708 1000
2997 3002
4118 4940
6872 9330
1084 2981
3998 58
1440 5309
8252 1130
5173 5181
2642 7235
5211 2318
9774 5914
708 5112
6606 8855
5655 9659
9702 679
5026 5960
656 456
1125 5327
7096 5930
4911 4744
8798 2994
6994 943
1124 4669
8041 148
4004 5035
5101 152
8686 4790
4230 2702
9077 2733
2316 3594
2959 1692
2423 2197
1549 84
5791 8910
6755 256
2581 3943
3665 553
2758 7148
9862 1174
3955 178
6258 6468
5644 1423
6123 3860
5193 9576
3742 4040
2097 6854
1142 9507
1675 379
6987 4363
9611 8544
9131 4382
7160 7301
6800 3973
7245 3567
8157 9694
7125 5506
9743 5494
4760 7977
6974 3913
4246 9170
798 4911
8060 2153
4858 5850
9608 8093
9545 5783
6434 9212
1696 5683
72 197
6872 2969
4052 5638
6290 674
956 6191
4734 6792
2746 2475
9249 616
2909 8243
1617 5869
999 1351
2119 41
9181 4298
3070 3592
5602 6297
4606 561
6320 3294
4192 7045
4957 3915
8545 898
5380 29
5680 4668
9341 1072
5806 5936
9305 4413
9975 3487
2728 8212
9029 7885
941 252
3461 8539
6951 7505
6911 6490
1655 6307
6380 8682
3961 3821
4478 224
1408 9137
2096 5656
6533 9969
2896 7571
192 9730
7177 9393
7128 666
6768 8216
7620 2528
4381 2060
9078 849
6452 287
5317 3797
3100 5688
342 7796
2486 1807
7850 6403
9145 4736
9686 4772
1134 3699
4835 5646
359 5329
7278 6551
7776 914
1271 7935
7537 3987
2794 3326
4526 80
7222 6385
9835 3761
154 7864
4001 3594
1808 6378
3223 1659
2415 4764
2083 3138
4361 7557
7952 1289
1521 8771
4133 8705
1996 6859
1025 8862
9251 5242
4681 2123
4491 3248
8390 7405
4150 6322
9282 1761
5213 379
4965 8798
9623 2771
5041 7195
6457 4319
9684 3039
257 9648
3632 3715
2989 9423
8367 9604
1828 3511
452 6042
3725 4409
6760 8
8964 9935
1630 1111
2693 8275
297 1702
7627 8640
8553 7505
4354 9026
1194 3227
9052 9265
8830 8888
3343 8743
7838 1295
691 3593
5095 3584
1315 114
218 5964
1113 2945
2040 3242
4231 8641
2278 8426
7578 6075
4918 4465
9993 41
6895 8498
8252 5132
1425 4318
1279 3140
1112 3443
9565 8649
9287 6991
4832 2689
425 2734
4743 5010
9224 2909
2718 4872
8268 7832
3130 7554
6124 3782
5394 7369
9679 137
658 8598
2474 8497
2400 5880
5409 2993
3150 8492
8853 1979
8378 6241
5201 4268
8567 4743
6758 8800
8312 3592
2798 7438
8646 9569
1409 36
3141 4190
7431 6159
8244 6920
4667 4299
6559 9804
8676 1599
2511 6536
2993 7336
6795 376
4057 9005
4094 7877
2387 6832
6322 2401
6156 592
8160 4159
3743 7059
1323 6764
9396 6947
3284 3992
5068 171
3642 3753
7574 5565
9208 6792
7046 9047
7018 6041
5019 378
6599 582
1095 7950
8745 1324
1880 1007
640 9348
742 8055
5263 9013
5732 2255
6557 8377
7406 917
3841 7049
2373 3363
2463 1390
9433 4797
7364 1176
1802 7439
7697 8962
4209 7240
9766 3159
3169 5564
9941 6743
6638 2703
2996 6648
6543 6830
3264 8953
2169 2394
4985 2060
5584 8178
8372 3030
1040 32
3649 4887
1735 1104
8873 2496
5250 7933
1703 6055
3301 4243
912 1158
5470 2668
9541 5316
6410 6245
4093 4892
8913 922
3863 7773
6267 8485
9186 9673
4623 1561
1162 9061
7836 6202
4785 6395
5933 425
2340 7731
6059 9266
3159 1260
7286 4854
2761 2138
7546 4548
539 1604
1405 4670
1434 7460
1991 4676
8908 5770
6007 4423
8979 4957
2898 5490
9416 7686
2674 4916
9991 457
805 6406
1941 5340
835 9708
368 6867
2659 1396
7720 3709
9804 7921
5505 4583
9300 3144
4589 1634
442 5573
2239 12
4319 8463
2688 123
2802 3393
252 5052
1242 4366
4688 5002
9279 9037
6463 3785
8400 2380
2545 4521
4609 4761
1387 8669
6257 2113
5235 3851
3318 3950
7670 995
7993 2704
6478 5579
5598 5188
2333 7788
9390 2769
8661 1170
4219 735
1077 4097
2110 9901
9289 7520
4294 6439
7814 1585
3197 5546
4744 7238
462 2762
4599 2999
241 8091
5847 5352
2162 1867
1591 7908
1572 496
8198 4232
4740 2612
1148 9382
6044 2742
6239 3186
5483 9609
9338 4933
3157 9240
4194 2837
7206 2543
5504 3326
7407 1040
7 1375
1761 7272
1238 5046
2849 5435
4921 5251
483 945
6235 3936
1108 5927
7635 9790
9544 3835
878 2477
1557 3861
5667 4390
3753 8423
4295 7127
1483 2857
2667 5701
2150 5583
7651 1001
9092 9801
7532 3550
8013 1877
3410 539
3362 4963
4570 2057
9203 7720
8789 2167
4921 3567
4101 3552
1097 3648
3829 566
4356 5320
4256 114
5060 7870
4755 8341
4928 1891
5377 8068
9484 7038
6538 5200
4774 6171
1601 4168
8573 7520
2126 3068
6053 9225
8407 6114
1141 3498
8475 4372
7322 8002
2830 8175
2587 5469
9529 2955
5212 2475
6522 5552
3456 6835
1065 6991
7236 6591
4102 1806
1650 4034
1887 557
8015 40
9495 8707
4811 8530
1908 6201
1244 781
230 648
7325 6561
5312 3422
1029 2081
1464 4764
2574 4717
5355 6433
1271 1947
9255 3799
826 6633
8383 7991
8608 472
6212 3122
8138 2570
7130 7222
2208 5902
8638 2472
8632 1843
1315 8451
5466 9141
7316 8708
890 7569
3427 9598
83 6766
677 4528
4800 4797
3613 4382
4031 912
4877 6510
649 2244
4115 7310
8530 1745
6020 2876
832 3116
8401 6135
7639 5933
9582 3638
8856 555
1253 2019
9297 3270
494 4778
7357 2870
1369 8832
3480 9735
3099 4564
8976 4180
8753 3143
8089 9397
1952 6470
4762 9939
7387 4523
166 6166
6878 82
3847 4678
4056 9789
5085 4432
3852 9770
2289 6342
6757 3299
8217 6058
9160 7943
1995 5329
8757 7335
3660 7799
1983 6563
2828 3599
4330 1131
8871 3861
8688 4968
8970 4220
423 1616
9692 9510
8561 1695
9464 8307
5072 6697
8975 8209
3475 3443
2810 7584
3866 9244
1807 9919
5058 6723
1049 911
6176 4363
3823 6720
183 5043
384 6668
7394 4997
286 8898
578 32
4817 239
3785 8803
2307 4613
7873 4992
644 4178
1574 1866
240 862
7558 9445
4061 8696
8461 7799
4212 283
5965 256
444 1806
8398 5179
5640 7613
8371 5718
9761 378
9876 3208
8405 2283
2009 1147
4924 6736
422 4890
9952 2660
573 9094
6916 6961
4834 3169
2571 3671
3782 2381
5765 6743
6539 7479
2912 7907
8297 3839
4839 9226
1662 8699
3159 3907
1145 4946
9043 3502
440 837
2071 6592
4665 6930
7158 829
9293 9739
3156 6552
7495 8350
1785 5388
1400 7527
2448 4615
6262 2011
84 6942
5581 1155
2833 4436
660 4690
6783 4982
2900 2221
9075 5313
2493 1103
9649 1800
385 5518
3274 3019
61 4701
8440 676
8466 2334
3379 3088
9163 2616
8581 9316
5591 3465
43 2598
4933 3118
9578 5304
6180 9443
1907 7882
7950 9107
7574 155
1935 129
678 5107
672 1015
7353 5824
9692 8446
2072 5076
815 7239
2620 3748
218 8686
1622 494
4999 2889
4397 3256
3838 1406
1581 8897
8885 6144
6904 8955
7209 7876
2498 3176
4704 9801
6550 9017
9515 3754
4112 115
1599 1681
2070 3121
5332 8329
571 3329
6507 5650
5277 4487
4433 3148
6619 272
2221 3601
605 4364
6060 9532
2609 3900
2807 3967
4350 6539
2294 9541
111 1959
5465 3917
8580 5396
8395 4529
4194 1968
3377 9476
3208 2480
7353 3614
4931 179
971 9557
7841 548
5235 7710
5160 585
2200 8241
5573 5752
3427 9106
1394 2918
9641 7616
9864 7959
7651 4439
6433 2478
8882 8061
2140 9634
2158 681
1028 4994
4355 996
3025 7653
8910 3830
7273 9548
8873 7014
28 3573
6545 4659
879 8277
2217 5610
8207 4621
9658 7470
1689 5081
5785 1993
4381 6927
3377 2000
8452 3309
2898 4647
1580 2789
1839 3611
4219 592
8665 2576
1289 3812
2887 5479
8184 5455
345 3495
9969 6870
5346 3953
6925 7213
3026 4429
9495 9415
5035 6164
9003 1058
8980 753
9070 7155
4792 3933
8026 9224
6197 9602
8873 9550
9279 6640
6911 9682
173 5254
3917 4899
5656 5403
7787 419
5726 5226
8507 898
4796 6081
2267 7334
5414 5556
9145 5897
307 7783
8893 3839
7583 7659
7576 3318
5925 3390
3572 6204
1535 9546
2322 8709
5899 5767
8201 4478
1899 8165
4429 9368
5193 9067
7513 9520
1004 5643
5955 3143
94 5492
6053 3238
7605 3632
4552 3692
5099 9951
3185 7189
3877 5116
6843 9813
9323 6743
2527 1733
4590 4302
1565 5710
6989 2925
4613 4115
5101 8585
3866 5977
8857 3855
5453 329
1286 4846
9427 7482
338 1667
3314 9346
7257 2345
2116 4429
1271 1837
2159 6577
6935 8507
4556 5158
1585 8248
815 524
5365 2910
9435 6346
5605 7283
6704 1563
2790 3105
4549 5453
813 2969
4941 1643
2814 8519
5489 6614
9339 4589
968 6189
4139 2008
3964 9682
7914 1260
9051 6513
6378 8525
3064 4718
8980 7250
1607 2139
1717 6119
982 5438
8014 9764
9283 8695
4070 5472
537 117
8458 1147
4555 725
6341 3655
382 4145
4684 4790
191 8867
6209 9709
9812 2718
8925 6704
9866 576
4201 5683
7805 3451
7554 9536
6779 7807
3696 5104
5219 4524
4776 6449
6951 878
2178 554
8561 9913
2487 8598
4557 743
2747 1223
736 1197
1678 155
958 9742
4579 7031
3222 5002
7174 597
565 3475
9035 5587
2906 6192
9713 495
3792 2879
4804 1883
9486 744
2783 33
3204 6247
2260 8441
5419 5355
9202 4758
1439 8565
9204 8293
1437 2016
1035 6734
8742 9405
5170 7743
1274 9790
7761 2845
7608 1469
377 252
5797 7446
1663 1500
9485 5731
466 9302
2084 3817
4795 3320
2645 8415
2206 1144
6537 8337
3719 9067
7375 3971
5087 6086
5006 1737
4828 4409
7093 469
6226 8047
9492 578
9629 8613
4150 6151
4076 9601
4376 2628
301 7187
4989 3346
5433 9023
4560 525
6958 6870
8305 2133
1526 3671
5003 943
5107 8056
4853 4251
9218 6820
15 1698
2969 9826
9286 2955
7205 996
5872 2145
2815 2537
6876 1730
7289 1484
1388 6958
283 4062
3991 1863
8466 5953
1271 367
2975 2339
2999 6728
3371 8629
852 1001
4009 2928
6275 3279
5698 3080
2038 2274
1203 7727
8606 4226
2690 7603
6174 7059
4455 2655
951 1017
9212 2813
233 1006
8244 9954
3737 8376
8083 764
3673 1538
3965 9737
3396 1341
2949 2483
9350 6501
5104 4950
1712 4753
5354 6285
9900 978
7519 613
6636 9540
3244 6357
3313 7257
5971 8379
9867 8199
6318 107
2962 7596
5671 3240
7607 1605
8205 566
8673 7783
9657 8369
4994 6429
3723 4046
1288 4978
9666 8359
1331 2409
5436 7465
1747 312
8890 867
2084 6823
1418 4706
7172 7259
9924 7654
6016 439
648 8180
6886 7966
8944 3964
9947 6083
4646 6805
9379 1771
6689 1426
2257 5298
6320 4704
4213 3798
4551 8994
6051 5648
6785 2608
7390 8692
2167 6477
8005 2166
732 3422
6685 3899
9161 3569
216 5422
8132 4796
4742 2410
3818 9694
4050 1818
6337 2628
1050 1136
437 9059
8309 5005
732 864
1018 2197
4465 8937
1795 9554
3537 5870
979 6128
2600 3047
8828 7011
3568 8306
5903 1439
7704 4106
4861 3856
641 6117
7182 4392
6473 3907
7852 8578
7029 9061
3964 8768
4409 3126
8538 7277
4936 8050
3006 3288
3627 4220
6364 421
9923 7164
3766 3419
9469 1976
8415 8744
6070 6676
2897 1987
1734 5419
6926 4248
1992 3061
6021 6090
5361 3431
4027 2375
7495 1414
1414 2256
8799 6607
9846 9144
8412 8992
326 9062
9966 7303
5434 3730
1211 9934
2277 2623
4571 1274
8794 5174
8693 1798
4273 4298
4267 811
8672 5047
3695 2634
5671 6821
6986 3405
3642 210
1480 8374
6697 3355
9508 2376
2476 3550
662 508
8487 8850
3745 1919
7911 5394
8921 1886
4803 1075
3162 4762
4988 5140
2961 6867
8519 641
7327 4202
3716 8363
2974 7898
4918 6594
6146 8142
5523 5438
543 3854
3843 49
9567 6342
5070 6536
2883 8751
1751 9925
200 6846
5566 6692
343 3791
9499 8787
8623 1354
3482 3376
7910 4628
8284 6461
5326 7566
3737 3581
1982 4969
5347 3019
673 3060
7654 4380
1443 2232
2942 1556
1909 5417
372 3989
5030 4550
9433 8323
3750 5488
7574 5662
7337 3327
114 1443
9824 6134
4171 6021
7035 1410
2840 972
8856 6999
9662 7011
7150 7982
92 7507
3636 7614
6470 7554
1745 9886
443 266
5948 2428
4353 6331
2464 4706
4298 990
5381 4952
8071 5584
80 2280
1880 1357
7531 3436
297 9841
3761 450
9484 3892
2634 5848
930 4251
8153 9386
8565 1353
9775 1682
2415 36
743 1979
7412 2499
508 513
9484 2014
9497 9241
5675 5400
3434 6427
8613 9631
8335 7964
4655 5478
1076 315
5214 4060
8634 3523
1896 994
2553 8194
6650 9045
6947 8438
9726 3006
1400 5474
9223 2807
2250 4837
8138 3975
4794 6303
974 9934
6108 5487
5540 2383
1617 2672
1205 8494
155 7739
7693 3271
5528 9185
5409 9346
2496 2457
6616 8418
5655 8609
8876 9368
5007 4274
7811 9791
3626 8993
9012 4864
1930 111
5983 368
3624 4479
7219 5749
2465 2271
2559 8666
7192 1769
793 1501
2364 9292
3451 6535
4044 1035
161 8149
8756 7336
2539 5947
9588 7698
8228 7952
221 2850
5134 8580
7553 1188
8461 1598
1369 9101
8611 415
8737 2122
3454 4640
1550 1094
1182 2708
6450 9091
8888 404
7043 812
3624 4056
1375 4081
6716 848
1642 8952
767 4164
924 7055
9639 5923
3752 5620
1577 8141
2709 2004
915 6147
7275 6380
670 7606
1801 9977
6626 851
7585 685
6039 8664
3816 1230
5067 4752
9034 6089
6986 9815
5876 9069
4054 2726
7559 3715
3122 1391
3395 9052
4621 7972
5071 8540
5288 8263
3410 739
912 1723
3881 3942
707 5308
6971 6573
3166 9168
3186 9409
2918 5693
7282 3376
6943 4186
2609 2663
5142 6737
2343 5638
8258 2082
3374 5527
4764 4596
2130 2843
192 6256
5444 9719
5881 8717
615 7058
4420 306
6265 7039
590 1917
3330 5428
6184 3959
1021 1255
4545 2853
1963 659
8228 4464
888 1373
4237 2729
7875 2861
9727 1064
577 5644
1256 2744
2636 1471
7443 6575
2559 4151
3427 3284
1089 7416
3288 6888
7869 9675
7539 2145
628 2558
8011 2316
868 2581
6375 6912
9496 7000
9641 2569
2047 8214
1935 7655
2034 1467
7037 3031
4413 5698
8373 9385
9281 468
4620 1291
1560 1573
9143 8021
9889 2633
8596 4568
1493 1867
3375 7224
1712 3942
2526 5143
4642 7657
6854 907
8339 3038
5682 5343
819 2387
8852 6197
692 757
7021 4830
579 8863
606 1533
4941 9520
5473 3603
9480 530
9066 3378
9636 1550
2292 8020
3926 2013
8987 6460
3790 807
9975 3899
8151 6043
4204 7886
7992 2166
4506 7619
6139 8515
7149 7378
6121 3284
405 6210
5146 3268
1419 9003
2052 548
3006 7609
6825 5597
3397 6895
5655 9878
5543 6806
8325 9575
1405 9846
6579 1238
149 4261
7179 8244
4703 7082
9475 9438
7975 3496
7090 9429
4665 4260
603 4365
2471 8229
6073 5108
3656 9971
5377 4786
9965 6513
8675 9829
9838 6590
2630 7665
9910 6720
2066 5923
1750 6401
9620 3808
2385 4052
2171 1186
324 4155
3621 7509
1400 3008
2223 6439
3655 5953
1985 9286
4624 1474
8894 8341
3222 1776
3636 1174
3625 2127
5622 1142
860 4729
186 7843
19 6218
3790 1918
921 2976
5300 9725
7549 1626
6899 1341
4963 3307
7766 110
6905 8899
2270 3554
5812 2052
887 2100
5022 6655
8334 3008
3596 7790
1477 6671
1017 6288
8718 1687
218 1696
3504 6933
5279 1503
1163 2342
8861 8915
6904 1920
3350 3840
3948 6152
1602 5747
8445 1999
8174 7577
1515 9408
3070 3995
9787 4010
4748 8599
4719 970
2115 5861
5594 2665
7156 2685
6475 7320
1289 9628
700 8638
8201 5262
9597 3200
9113 1287
9738 2733
1664 951
4070 6452
3389 8956
4018 3744
8593 6521
79 4766
6395 5464
724 4796
3441 2804
3063 5275
227 3474
1836 76
2979 5383
3572 3071
2359 9245
4345 1811
415 9630
6695 3733
3449 2087
6492 6767
8871 4691
207 6887
902 5485
2205 9374
7167 441
8215 6019
1709 1023
1858 3307
7044 8031
247 7702
1303 1022
3994 9101
8864 7563
9146 8519
5005 2196
9107 1107
3159 2545
2947 3285
4000 813
6479 9606
8873 9769
2616 1608
1386 2369
16 3587
710 4422
6976 5938
4212 9174
9409 2926
5390 4844
7021 5069
1058 3026
3498 971
252 7825
648 4985
6332 8531
9336 6084
1944 5079
6821 4179
4739 1214
4668 90
2666 2560
4201 3088
7420 5129
1844 5917
8779 9443
2102 9466
5079 3413
7894 4152
6697 2797
8390 8012
5359 7052
4029 1933
6336 36
3769 6752
2779 3899
6155 4226
3214 1561
6015 4247
9641 442
5389 1469
5787 7716
5855 277
703 6059
5115 4732
9650 2362
3636 7998
7139 6490
1660 3811
2049 3555
3721 2775
8219 2712
3541 5051
1282 5080
4841 698
1711 2914
9983 8181
7842 7382
290 1818
9926 771
4619 9050
21 4284
581 5418
3860 8959
1741 6847
6181 6370
3592 5509
4454 9976
8349 5884
6679 6048
1883 3647
9796 5719
715 6032
5951 9906
72 9252
1741 3000
1757 4544
4376 5889
7120 3878
8234 7688
6243 6927
17 3153
5476 7459
4552 587
7132 7279
611 4582
5960 7792
5582 891
5140 7240
5735 7556
2529 9652
2120 8749
4103 7100
6818 7493
6630 3640
9065 6219
1878 7874
2411 5930
9767 3228
7619 9478
2681 5665
8756 1923
6410 8479
5003 301
383 1283
588 5070
3705 9990
1199 3771
8404 2348
6747 2859
5230 2357
4067 6973
5665 8369
3585 7420
8248 7584
1140 5647
4753 5502
1212 7685
2683 6700
2704 7429
3710 9901
6462 3559
5501 4561
1598 5447
6702 910
4137 339
4573 1517
6754 1322
3691 4344
6308 8973
6699 7081
7865 4404
2993 2267
1529 4853
3494 9072
7607 3161
7208 4318
5689 4602
3391 7343
2235 728
7077 5779
3495 4153
1452 2934
4215 9470
6196 1264
7544 1049
6344 4891
5628 5446
173 4907
3210 4846
3248 1669
1667 7232
6546 3560
2171 9286
2227 6003
3687 5890
7150 7530
2371 5687
2625 7902
9747 3623
6187 2943
1009 1647
3048 1041
7598 705
4932 2937
6632 6200
4993 3350
7988 1027
8820 8925
305 4218
4386 7754
9723 3101
1608 704
680 8545
8081 7779
8382 3778
7171 529
2483 8202
8742 7172
8755 7727
8278 1254
4887 6906
41 9217
5984 4049
509 5585
8975 5846
3392 2294
230 5803
7119 6045
4480 5722
6010 8568
3740 9017
2850 1067
379 5307
4666 8010
3880 2621
8925 9047
6074 66
3323 5344
389 8578
304 7619
5903 7514
6221 9406
5277 6283
3973 1058
8314 4660
9678 3378
5638 1146
1307 1630
4680 9176
1757 3348
3724 9617
492 3106
8971 5686
6598 4239
8220 6615
4191 1734
6954 3137
9487 7761
7290 9101
5895 4288
8866 728
6645 3481
1252 4608
3985 5861
4531 5733
8056 5678
5043 219
9292 6281
5682 5831
2456 7552
1049 6187
3093 1389
4781 483
9136 2837
9631 5094
1855 3895
6468 1154
5774 2317
2478 8563
3397 9338
6884 6386
5709 8188
4642 5112
6295 4190
7629 9512
840 2643
3276 2237
7877 7041
1385 8819
9275 2999
1148 5565
3914 6096
9150 5891
7281 6892
2014 5470
8890 5997
682 4918
52 9081
9866 9264
7907 1145
6427 1656
8147 5887
2479 2931
4650 7407
187 4840
732 5684
4784 7767
764 2174
2423 13
7611 3599
5315 6318
8344 4537
1489 64
5382 6453
701 6750
3181 8185
3924 1215
3002 3245
9190 9150
3117 1748
5946 6414
2587 4994
6744 7292
8000 9812
3621 1845
3024 8216
8679 829
5379 7429
8767 343
6356 3711
9673 6609
9976 8816
1996 5848
7488 2808
5574 3964
2725 7656
880 4758
4957 3025
8072 1034
9520 5758
2190 9820
3253 4659
3003 7067
3094 5318
39 2782
3893 3686
6924 4775
9951 5124
688 2360
8741 7098
4812 9488
9855 5152
6383 8488
2019 690
617 174
7835 7797
2037 4788
7745 5626
9411 9191
6392 8681
1908 2789
2291 2700
3747 5181
2687 6594
8906 1304
3012 6416
8684 1959
7633 5092
591 6105
4880 4368
4309 6045
638 5596
83 8296
7053 4857
9344 9228
7064 2126
1777 5848
9364 4951
5497 6261
1102 5557
9978 3341
5844 5374
978 8164
7107 4443
6096 4275
5238 618
4507 8023
2899 5359
7961 8801
1803 4819
5219 1723
9418 7674
4908 4371
5033 5452
3552 686
1968 6391
9258 6196
565 9502
3780 564
6748 3262
4162 5893
5917 8943
1337 9096
7752 5442
4348 71
7412 9480
2128 5509
3654 9028
8523 843
1937 9191
8586 8854
6417 7344
2730 2163
1247 8917
3160 510
2088 3737
9456 9557
1883 5973
6104 7373
3002 2388
3548 7236
9956 7387
6662 5737
4478 1436
7460 7350
850 5725
2282 6743
3347 7842
7520 6759
8989 4860
6559 744
2048 3796
5320 8855
3017 9621
842 9369
810 7555
8781 6414
8983 5811
8572 6045
5555 7761
1273 4195
5476 1773
8560 6840
3557 2805
5824 4174
2742 6792
9787 6731
9564 1410
4684 1635
9487 9925
4586 3951
7980 8183
9446 2066
952 8183
3604 7495
7091 547
3647 4742
5804 6130
782 3547
4492 4895
9459 5946
1023 9213
6096 1551
6122 8909
7672 5115
834 3204
5311 12
9168 2561
5261 2626
4764 9992
809 6284
9126 3559
8295 8449
2309 5215
1138 3965
6390 8259
1206 2702
645 1879
3321 8371
226 8560
9791 2032
8284 9432
7777 9071
9086 2346
1715 2502
6304 1532
3473 5606
9803 1389
2588 1276
2620 9943
9293 8295
8672 1459
6367 8999
6937 8766
4117 2982
5176 9013
3315 7770
4771 3994
8574 2014
8123 4362
5543 3281
9844 1719
2824 7923
8247 3173
7517 1293
3405 5060
8999 9013
8326 8698
6112 2835
4044 4278
4193 7829
4458 361
6891 5214
8768 196
5870 9774
5393 4373
2403 9038
741 8873
8555 9818
9550 2106
839 2083
2661 1098
6334 2187
8133 3485
7071 8008
8398 8334
9143 5725
9564 8488
361 1711
9466 2323
8972 85
8943 3440
4967 9161
433 7072
9268 6068
4743 6557
7087 3973
830 4415
3930 6375
3590 6651
2045 416
4164 8705
2355 9159
3208 970
7375 7740
5667 8306
6829 1232
6451 3341
1292 6740
802 1669
4112 2647
4055 2677
1017 9042
7990 4295
4209 6442
8958 9670
334 5450
3114 3844
1572 886
8996 8446
7693 949
2489 9080
7463 370
1036 108
900 7869
6754 7161
7955 7391
9922 2074
8228 5597
8362 3405
385 1163
7029 7954
2807 7086
3954 1565
842 3612
1076 8352
2597 2172
2432 2317
5096 3378
8622 475
5742 5034
2548 9950
7420 8671
4432 7752
1670 5057
853 8295
1325 4252
8613 9729
119 4156
3867 1921
5730 4117
5859 846
1093 6342
3140 5389
4063 4906
393 5675
4038 4979
9451 2443
4535 551
7408 2552
6911 2335
6762 6794
6747 9609
986 8451
999 9178
7656 241
6418 390
3093 9429
1854 3431
6913 2648
6425 6656
2469 2798
4223 4802
5159 91
6616 1367
5946 445
4055 5262
1 6750
2137 2723
9323 4454
5517 1317
1355 9671
7231 338
9497 7870
3895 8878
7398 4774
1696 9713
504 9780
2774 8469
2125 5862
7479 9750
3988 9026
8616 7164
6937 7788
8308 640
7099 1354
6298 2935
7339 4327
2079 9308
688 6743
1870 7102
5084 4121
3490 7702
8967 25
3156 1369
3116 2997
3 4403
5943 3553
3710 6536
9980 3309
6454 1923
1803 4075
8973 3967
3420 8875
2384 5209
230 9062
6921 4898
1127 8959
3378 2914
9786 5211
4660 8077
4748 5896
8356 4556
9661 5576
7524 4772
2677 8856
7432 9706
7080 5729
3885 7497
595 7671
4087 7479
4043 1426
995 3565
8282 3448
1182 9447
4178 6639
3939 9049
1962 6020
1277 2346
8361 2304
2606 7117
3939 5641
3093 6896
1567 3688
2482 5505
6608 8743
9243 8367
5973 6185
4102 8324
3653 794
8757 2338
2026 8196
3135 9591
6012 7606
2968 825
7602 3571
8034 2556
2848 600
9838 9976
4012 3171
3494 9711
6136 3178
9642 1046
2547 3931
5212 6264
1457 8495
6944 9315
4741 8288
7924 165
2998 9894
1971 5120
1446 2
1317 5640
5622 7127
6480 8735
2874 6961
2396 2646
4311 3605
422 2583
1991 7784
8163 6114
8283 6601
1757 7595
4196 2873
7120 6071
1194 5639
5322 4238
8754 2791
9528 8689
9120 2572
407 63
6323 3504
6018 5508
7373 2950
9400 7204
1496 7762
6550 5671
6794 4962
9276 5795
8134 2547
6248 7520
285 7726
4943 4713
3429 9408
4584 1199
2079 2180
3494 913
6415 6956
1731 3767
3681 9453
7275 8876
1145 104
2854 7895
1158 2865
4984 140
1883 2279
704 1206
4347 6936
7704 1760
5284 8083
8185 395
3945 7744
8914 3251
7330 887
5459 4632
369 7646
8328 6754
9383 6328
734 8833
9517 2243
5471 9087
1806 8091
3206 139
96 5035
8181 7860
5590 6276
1956 838
7297 178
2374 4960
5277 3054
2547 3692
7299 7007
7519 442
3465 1627
2431 68
3432 9266
1523 5046
4226 4977
7448 4457
7751 315
4767 2225
8353 8510
4522 1752
757 1278
7988 8105
7072 8433
206 3590
8104 7232
8620 8402
4541 6169
8885 1393
6924 7512
2028 7396
7331 3628
9276 2449
9368 2756
7363 2441
7528 7315
1650 8043
5293 3263
1829 6177
5601 120
5868 9670
6789 132
6336 1307
8954 5070
133 2132
2850 586
3052 832
1973 1824
3233 4268
5085 3835
384 3869
6406 1632
4929 1692
2278 2009
8496 1762
5466 6247
111 5349
6156 5416
5775 9192
713 5009
2610 8893
7114 9946
9509 2673
8263 15
3167 3898
6111 8428
3453 7442
1898 4294
7420 4920
3995 5407
8240 9461
7622 5605
4412 3985
7002 8548
2878 2681
9734 2606
2840 6811
1973 1338
4101 2127
8027 7717
4588 4349
1434 3800
2815 5934
6198 8997
9080 5725
7491 2998
6577 2176
2915 4306
3625 854
7328 4694
6347 980
2449 9255
8496 1836
5417 8061
5245 1250
257 7031
5658 5632
9116 7580
7194 9655
1726 9787
1059 7271
5005 6748
6534 9361
6594 1605
2867 9317
166 6683
9576 3278
9039 2076
2154 8100
5591 615
9521 2949
968 8393
968 9724
4476 984
9232 6025
3605 4451
7591 7890
6138 8005
372 2074
4473 7027
347 6769
8792 7527
8374 7258
4249 1607
5009 2467
8163 6816
6201 4204
8025 5545
9662 1610
4823 9618
8540 4812
901 5237
6145 4847
4177 5746
8595 3412
7872 9079
1444 7668
6129 5279
2136 3090
420 2269
1875 7405
1757 8526
3376 3030
5214 4593
3008 1654
6508 4656
6707 2742
7602 1832
7611 4852
9409 565
1237 1248
7969 273
549 6354
8536 9666
3652 2748
6267 224
2638 2738
3662 3600
1050 6283
8857 2607
6580 7974
1698 9211
9110 6551
4583 7133
3475 4377
2933 4371
2654 280
5169 4013
5737 8515
3877 3130
8987 6080
8972 497
812 2560
7231 7633
7398 7065
1953 9139
2789 8391
7057 8735
4423 3259
774 9763
946 1075
3373 7070
8521 7505
2364 5770
6952 2199
4477 3386
5770 6041
5067 5421
3489 1637
14 2189
7782 3270
6518 7632
224 5910
9296 207
5936 113
8486 4342
9657 7910
55 3199
3862 135
4612 867
2424 4682
2442 4470
4261 9386
7735 3027
4929 6761
5782 2986
4210 8776
3420 3343
9330 2057
5354 4569
7511 6399
3822 3293
7745 9400
8916 4836
9611 2315
2675 1599
911 3545
7288 2934
9546 1901
580 1554
8868 952
910 3742
9468 4515
1103 2878
734 8631
8638 926
3164 3571
146 8278
8229 3387
4282 1841
7968 7856
5200 9557
9647 7722
6809 4572
7560 3691
54 3219
8485 7547
5041 8748
3680 4048
1431 459
1767 3728
6129 7773
7398 2882
7928 2624
7546 140
1194 4239
4469 9629
741 2058
9756 1587
9088 5149
6958 7790
9333 8143
9756 5636
336 6161
7152 5219
660 6029
8061 8107
9575 1832
1046 938
8292 9525
5954 8557
245 5214
7820 8404
2798 4049
3794 7916
7206 9080
8663 2444
4896 1183
650 5224
4089 710
1414 5613
2759 5111
8818 9993
7002 9286
8248 2530
7880 8472
4445 9601
3550 1289
5979 2395
5539 7633
6742 6632
8620 6123
4425 1812
283 6831
5817 1230
1900 3205
8310 8284
2882 1416
4691 2676
8446 1596
7904 7027
952 5574
2104 9351
1248 7924
534 8925
4213 3807
2849 2445
3625 1664
8646 4318
9308 9009
5375 1702
9573 1826
233 8153
170 421
6560 1483
2953 2281
489 6520
3888 3374
142 5173
8350 6738
9854 6231
1252 8181
3798 4733
9059 7435
4035 8742
9314 2244
5798 5225
8422 7637
4912 2104
1011 1310
7934 8951
2643 6702
2182 7089
3905 5798
2109 5895
74 5989
555 5567
4364 6340
4733 7238
368 5425
4908 4636
1482 7608
2857 6818
4302 5004
3989 1646
9990 6271
4279 269
5887 8780
64 1189
9937 5783
652 216
6203 9666
5784 1352
4765 5073
1017 5457
953 3954
1764 5218
6062 6370
7601 7296
7360 9965
8509 3476
9333 8226
2794 5506
9198 1252
504 8018
7176 176
1083 7655
3212 1702
6423 7370
9903 1501
6211 9263
4930 8117
1389 5968
367 6546
4651 5268
9425 7252
3776 1803
8033 8520
4556 4082
1393 7604
6709 115
7550 2607
9913 337
1603 3103
8760 8516
2332 9248
3674 8289
3927 6071
1307 490
8895 1822
2536 5463
3759 253
8570 4996
6101 8057
8350 9330
643 2433
2056 7387
5516 1436
9966 6239
4132 1177
2627 9780
2616 173
3579 8423
5408 8862
5896 6647
9630 2092
3138 5949
1604 1435
9197 8660
1124 8848
114 8624
2808 8940
3091 2979
5886 8301
4469 254
1763 6012
3121 3657
5369 3679
7267 4096
1289 1072
5390 3802
4933 5166
1137 2514
4446 1532
296 1246
1643 3596
591 744
9610 6641
6732 8961
9104 6796
6389 571
8179 623
5796 8198
8969 8512
533 2528
1198 3247
9699 7251
6023 7953
5818 5464
8485 9611
8677 61
2366 1937
1762 6482
4705 3326
2748 9560
8433 3079
4535 1371
6038 4855
1450 5868
1156 3192
5232 3985
8897 559
1734 6328
6997 4023
1685 2943
9174 673
4119 7565
4186 1043
6717 4373
1166 9677
7483 9642
1983 1473
1968 1553
5650 5016
1444 3170
3687 7765
3491 8038
3644 7619
6253 8335
7633 5139
6138 6940
5014 6233
4646 8685
7031 1225
8587 1657
7478 4130
3307 6631
4802 3270
1076 3420
9388 3707
9836 3064
601 5818
3337 2707
4226 1682
2276 5690
6220 4074
4263 6089
2130 2922
4063 4566
99 2191
4628 9199
9707 7313
878 6037
9679 3127
2246 5425
1604 6740
6450 8475
193 4314
3355 9465
6159 5480
2454 9212
6161 444
3898 8614
3444 4655
3024 6228
9553 3975
8692 9031
2635 9131
1462 6838
4758 2801
1325 4636
2341 1967
8537 8127
4443 8753
3767 284
7875 698
7012 4913
7754 9641
1774 9202
3279 2308
5680 4775
8727 1097
2605 3558
7307 9896
3853 6153
4416 2198
9499 1282
5912 3657
1436 1578
8342 5635
7680 8367
4965 8175
9501 2983
4095 1291
3808 2974
1098 3086
7974 9620
9314 6935
1799 2957
7786 367
5677 2029
3138 2215
5918 5339
7262 6248
2051 747
1487 9214
5966 5718
5912 5369
8771 4202
2086 7439
123 2259
7830 1786
690 5462
52 5657
1260 4705
5818 1008
9543 4204
7726 7748
3411 5937
9397 172
7416 462
2194 9418
3121 8163
4373 7587
3765 9037
4559 5842
6375 9058
4937 7976
8542 5954
5402 2874
4868 9912
3735 6165
8218 1534
6791 5877
7433 4593
1415 5625
2370 5907
7483 8465
9754 5967
1904 7854
921 7137
3935 3854
3886 4691
7251 6742
8656 5960
4252 4727
5205 2322
1800 5732
3194 1081
6145 8635
5378 3820
7893 162
3636 2194
798 4205
7608 9749
2330 1864
2193 4500
7989 9562
7237 6058
3886 5022
7490 2333
7328 6532
5331 3576
2781 5816
9273 14
6624 1413
1445 8378
4131 518
2268 3671
5924 5534
6478 3042
246 1510
6856 5330
6212 4139
1742 6366
7944 5500
857 811
5566 4691
6143 2373
3092 3190
780 3677
4000 8018
3084 2902
5234 8627
8952 4298
7495 8309
5491 8787
2090 2472
7166 6488
7526 169
986 8681
1932 7207
3335 4788
6889 2950
2148 5954
4743 2313
4393 4435
4797 1110
6474 2257
2045 6637
2003 9634
1519 4166
6992 6540
6381 3331
8410 5881
5303 2279
5616 7396
3305 8503
2378 2000
9047 6954
5966 1494
3914 304
582 5917
25 3536
2454 8803
3715 6822
5318 656
2362 4227
5471 7334
8207 2365
3303 2413
5478 8269
3156 6861
7347 5939
7816 7810
4093 6945
7128 1471
9531 5877
9453 4844
6100 1408
2024 9411
723 2045
9662 1152
6523 6314
3292 5603
143 4912
5878 357
1378 8561
8991 3103
4497 7386
7184 2905
5387 6478
3545 8642
4424 7714
6368 6659
4927 4845
8157 9824
8473 3055
829 9485
859 9416
7450 4891
4028 3998
3471 6631
1897 6160
808 2986
2435 6270
3284 6497
7061 2994
4593 9678
8146 7232
8699 8345
1933 1936
7288 3850
6122 4103
2189 6130
4862 5543
3721 411
6449 3088
28 1616
631 249
4627 8055
9235 1292
1137 3178
5622 9847
9570 337
6458 1807
9262 7031
1138 4736
5523 3105
3400 9736
9602 6052
9775 8740
8941 6829
7206 9765
2955 8396
2833 287
3063 9
2841 2529
5464 8378
55 6802
894 823
7633 4803
6648 6952
1672 2459
3629 3266
1192 8530
2522 2966
2934 2162
9225 5265
5208 3084
9296 7991
8275 2545
5081 372
9538 8856
4622 8287
6435 1763
2908 8908
3285 3908
9695 3919
7242 9950
7932 551
1053 9478
7138 6724
4281 1650
6645 4407
9073 3031
2772 2755
4403 5872
6670 5170
8240 9437
563 1104
696 8407
6947 5083
4751 2177
3198 3162
4584 3072
3552 5996
9104 2193
1103 3655
2211 3168
9614 4206
8434 587
2688 490
5794 616
318 4956
6930 2427
5071 2639
5454 7509
5000 1671
1207 5303
4376 6421
2361 2447
9752 7015
4030 3558
6519 2376
3696 4913
5774 9496
6675 5847
1138 6095
4173 9434
3329 7828
2334 2811
5935 5274
220 4193
6139 9627
609 4369
666 4006
8844 3368
6387 410
6199 2090
183 4524
81 8670
7847 6398
105 4918
9130 8007
2382 5585
5443 3281
2949 656
7511 9939
8857 7465
4038 7580
7572 1048
3065 2667
1971 9843
2031 4262
5173 5490
4116 7901
9813 1937
3376 6195
1868 1080
8150 1260
8150 703
8421 1778
6511 5802
2643 2460
1807 336
9774 2627
4761 7836
4514 3824
9457 5588
3629 9045
1805 2144
2019 153
4484 2751
9367 7797
6999 8512
1341 8103
8386 568
784 230
2413 5311
7758 2800
5574 217
9539 7145
7451 4427
968 1413
8716 4737
7667 3088
8555 6603
285 3630
6694 6140
5469 632
301 6549
2042 9759
3160 5739
5446 2552
9118 8425
7284 1790
498 6196
9655 6442
7423 4306
4812 2839
4778 801
9059 239
2312 327
568 8902
9300 8595
2879 182
1461 78
8976 6488
9530 6810
2404 9940
2280 291
2718 4780
6821 4759
4200 4617
1336 2179
8068 9515
6792 5616
5691 2365
5345 9837
7898 2780
6170 8205
9787 783
2158 4281
3644 4872
4228 125
755 4560
6131 5140
5355 4335
8069 2583
6174 3316
2471 8593
4211 5240
3958 7799
9467 9618
1929 2507
5613 3411
7739 4359
2114 1826
7611 4147
7479 4034
3735 5393
8139 7526
5690 9358
4711 1283
6636 1176
7254 2092
120 8152
6899 7921
721 1401
5985 9833
5356 1046
8573 7234
5837 9070
6372 7220
5488 1796
5004 9947
6302 2915
3820 4976
4621 6679
1601 8979
5607 1056
4388 547
9081 9604
5010 5170
5118 4356
1631 3339
9707 9139
9001 7282
951 8058
3181 4543
2814 7024
5076 2474
5875 7280
5827 6491
6532 8416
8472 5437
4293 5125
5931 6466
5857 9155
4130 8259
185 7391
7142 987
3670 7049
8949 5400
3715 9900
4038 3992
3092 2187
7858 9447
2673 5279
9572 6064
7028 9353
6361 9746
3765 1441
9382 9164
3797 6428
2693 671
4338 9331
6399 3453
8212 6264
3476 7430
8907 3850
1169 6582
8789 6767
6493 9690
2483 5830
1376 1383
6848 9467
4898 742
3194 8945
5250 5125
9245 5915
8297 7205
4052 8526
5621 5904
3309 9640
3468 8293
4457 7826
5006 9502
5376 5701
7740 9909
4377 8876
5985 9032
9688 2531
1863 4747
6824 3365
9461 9401
1675 3641
6788 8314
1569 37
4183 2517
5840 765
7536 6316
2084 894
8902 345
8338 538
375 7275
9533 6863
8112 5173
2569 4844
2990 5741
267 4996
7825 2741
1397 5972
1501 2292
3684 2813
12 4820
2811 5112
4849 2377
7167 1983
5244 4000
9727 8789
8226 6778
1698 5926
630 9085
4072 240
7404 5352
9103 6534
3509 9870
2277 8591
7569 5120
1581 1526
6012 5546
9287 6872
2756 8412
6507 4026
514 2482
6881 9709
3425 2136
1650 4596
3310 2432
4264 3350
8106 3788
2464 6313
7880 3973
7835 7084
8919 1297
1864 9401
4775 2035
2799 7702
6671 8371
3593 5344
2995 2709
6292 8249
3408 7025
6433 404
7970 3278
5198 2923
4118 9816
6968 5044
396 2681
3891 4841
1550 7879
2715 4821
8269 8588
3593 9857
4228 3045
3373 4702
8341 4796
4061 8665
3085 6393
234 3538
7586 8671
3749 9324
7942 1170
4561 6692
8524 3084
3905 4710
131 5748
5313 8827
1902 4315
581 566
463 5014
7837 2585
7113 9405
6947 1796
2814 9035
8728 3657
7408 4120
118 1419
3846 9533
6994 5996
4163 59
5944 5602
9574 7331
5004 314
1553 5957
1113 9399
868 6426
1747 2469
2443 8874
8745 8801
6296 7868
1887 1599
2383 4221
2922 707
2391 7924
151 292
4254 5245
1135 2030
1002 7305
6346 8699
4320 2402
550 4446
2412 2317
8647 8935
567 213
6402 3080
9620 4433
5350 2851
1709 5025
3739 596
9803 9211
6451 6433
8786 3466
4208 3475
3968 1056
3396 6064
9753 2597
3947 4094
8304 8363
9246 4102
5268 1260
6136 3947
4283 4960
3326 7324
1996 6306
3977 1713
5973 9620
9200 8502
5921 2962
4428 5143
8748 5646
7737 6399
101 2060
7582 5480
270 5774
3809 7915
8819 2848
6895 3196
7493 7979
5871 6318
7207 1077
7486 1360
5167 5370
6663 313
2213 5707
4682 9042
7678 3593
9215 2061
8603 8350
2209 6379
2579 5237
6000 7844
5253 6683
8518 6164
7364 8933
7733 8951
2558 685
8034 5190
3092 3311
5210 7227
1175 2765
3617 3360
2632 5075
1274 4645
7435 2736
3968 9764
8302 718
5131 8211
2607 6523
6768 9609
3624 2270
5501 6595
4507 8715
2563 5533
7831 5079
200 1264
6083 9367
9355 1145
6824 2643
1626 1831
6019 8331
4710 462
935 7054
1689 1544
3012 5997
9399 6661
2434 3274
8220 4718
5231 9185
8217 7167
7462 9831
5419 127
1779 1488
1806 1554
6567 2602
4977 1391
9165 3475
475 9697
8480 6314
3972 6504
2644 9039
9361 7252
7850 8929
9972 7376
5795 993
2614 8561
5582 6
8573 3268
7603 46
1950 8251
4903 8029
2043 554
1928 7260
9372 5352
4439 6229
174 7743
1628 3598
4632 1332
8890 7914
7807 1073
2396 6783
9352 5698
3758 9173
229 9505
9225 7816
7240 7659
2982 5867
1119 4617
5542 5503
621 2351
5111 1760
7612 6497
3304 7865
8556 784
3174 361
1596 932
8635 8663
1341 6032
9779 9660
4319 4722
8306 3395
7243 6800
3760 3692
3491 8117
717 8581
5181 2183
2381 8942
7592 9501
2133 9382
3968 3981
1714 7256
4948 5865
9226 4621
5294 1304
1263 9136
2179 9498
787 7976
5588 816
4549 1947
7187 1510
2055 7159
1639 815
1725 1390
6746 6156
5073 8637
9418 4833
6112 1374
9019 7407
5596 651
5294 2595
4505 2277
8412 9962
2931 4598
1799 9057
2079 6297
3651 6881
1504 4808
7176 931
3651 9692
4325 5559
6319 4972
2315 9464
9501 5935
9261 3753
7201 398
1555 4726
4350 3829
9207 9353
7592 7061
2789 189
958 1300
4534 4974
4792 9227
3114 3273
1388 2402
4040 605
1089 4079
2623 8697
1632 4416
4356 9122
2565 1459
4307 2796
6637 3064
1525 4401
496 3318
9024 6057
325 5731
1863 8081
8555 4414
664 6359
8980 381
9273 8058
4022 8831
8099 8342
4451 5287
8949 8042
5096 3459
4375 5889
3621 5519
3813 7796
3634 9311
9354 6206
1407 4073
2964 2463
9022 6224
9974 6910
4656 9439
8347 3056
6673 6756
1292 1758
2899 2965
8750 3325
1445 6386
7876 1037
6210 1188
8218 2531
8555 8947
2823 6955
6019 4414
2372 7053
9178 5461
3780 8013
3474 2751
9488 5261
6507 691
486 8432
101 5686
4357 8376
1151 4234
6008 9552
7855 1923
5494 5104
8477 6899
6220 7098
9483 2860
3332 5186
9676 2146
9054 6210
5745 4076
7800 2049
9546 4412
3645 8426
1868 2804
5906 7488
5299 2932
8649 9141
9061 9096
8292 8026
9690 8594
7257 6153
5239 4110
126 9275
6686 9863
2916 3440
4916 9025
6890 5168
9873 3298
8066 163
8635 7193
5230 8884
1552 9843
2533 7357
6231 3167
2009 2251
5380 1230
4718 6697
5006 7895
3464 3573
3477 6434
1356 6249
4784 9529
6646 5314
258 745
4369 3314
9413 5974
7238 5365
5308 123
5903 6344
1523 3287
6792 6599
1091 320
1174 8402
8927 7166
1676 7150
4166 4681
803 829
2996 3134
604 4084
1618 3399
9721 4231
6478 1410
5236 3271
8424 3679
8403 2512
6684 1170
2008 4051
5760 9519
3250 5899
1817 6095
3096 7936
7044 1518
9529 2542
8911 572
7338 1264
4332 3344
543 3918
3770 2984
1087 5448
4536 5214
1370 3313
5784 4462
3447 2709
8157 6873
3408 5684
1647 2370
5097 3615
1782 543
6542 6361
8011 9317
4668 8750
1171 5030
6075 2078
7192 7182
907 2715
1001 2797
9439 4226
5492 7279
2801 1232
2442 6676
8675 3812
1079 681
5296 1082
2796 9131
6563 2642
1140 7206
3799 8191
4300 2802
2398 4633
2920 984
3566 8750
6016 8323
7214 1901
3268 1790
9159 7608
8622 8385
6495 7593
6293 9344
7701 2484
2336 6610
9715 5646
7065 998
7183 548
6560 4399
5769 7278
7853 5894
6682 4179
7703 2270
8368 525
7811 7375
1109 9772
5190 3161
5733 5609
1395 8735
4167 2390
2628 7325
7163 5299
7042 2125
96 3878
3984 1584
3500 6339
1244 3536
264 8784
7614 16
1186 6923
7249 1536
959 264
8489 5683
6638 6036
6176 3648
989 1950
6663 2613
7200 1514
7304 2337
6290 852
4409 9809
5355 1672
2118 2704
3641 9991
7717 9508
2921 6866
4834 5074
8132 6356
4609 5385
5324 7054
4011 6391
9165 5513
7398 5495
205 2201
7142 4710
9290 4962
9696 7176
5273 6066
4824 3225
8456 9718
8785 5778
6146 2597
658 6003
7256 1423
9629 890
799 9505
6462 4333
2265 898
1965 7297
4205 6079
8374 7142
4350 6845
959 8939
1832 1092
2449 5180
5547 1347
6005 4255
8525 173
8610 5298
4964 6223
1765 9487
3282 2482
6493 2583
2415 3756
1051 3108
6590 6720
8845 411
4688 3862
1128 6622
4666 6831
3017 7195
4566 823
9353 4021
3327 224
5206 4796
9141 2184
7889 2441
4683 1953
9663 5849
3946 9582
7163 3784
6012 7162
1762 9766
8082 40
8735 1389
2332 1226
4665 1310
497 3184
2643 1281
5565 9402
4849 3394
932 9478
4488 8658
9775 9895
818 535
544 8777
1428 7697
1841 6085
2449 1927
3397 6934
7390 2020
1146 7696
2129 469
5391 3095
7166 8999
5213 7790
680 1826
9257 5044
4847 4834
3079 7921
2355 9877
5086 4864
4458 1201
1848 9365
6905 2655
7307 5184
8369 1638
8405 830
1477 5461
2875 9633
825 4543
2668 5580
5955 6261
1738 3778
8681 2959
6714 3496
2056 5430
8577 1251
8450 2089
9927 2173
3976 8223
211 5771
2227 5289
1182 6593
796 1035
8601 4440
1860 7298
9832 292
5903 3256
48 4529
6939 8081
870 2152
2851 5858
6943 1659
3005 8389
7272 8753
3528 4870
306 8220
4895 6083
89 7353
3383 9988
9177 6751
1223 931
9994 9438
992 2273
2593 5274
5657 870
8902 74
5348 3982
1487 3992
8859 5306
7655 8030
9255 8382
7300 7469
7007 8403
253 5681
8338 4852
8164 7363
1344 1331
5082 289
4681 7161
3507 6277
227 2123
2011 9567
6638 9212
7162 6873
6299 5837
6678 4123
3335 7218
4184 3543
4675 3755
5825 2228
7388 3037
497 3632
1652 6155
7834 6266
4199 544
1600 9589
9901 5493
4226 7028
606 6636
4238 2163
3430 5905
8360 6418
9314 6826
5649 603
3210 5076
9569 525
86 483
6044 8993
7440 5109
2137 2778
3844 9919
975 7235
818 834
5818 8998
1156 4186
1643 8469
3739 347
6701 6600
1252 2391
823 864
6148 28
1109 4630
8310 1889
7847 1413
7033 6143
5763 7393
4401 3897
3364 3184
7612 2253
7445 8593
5919 4732
3500 4272
990 8393
5387 8931
8874 3530
8536 1543
2621 8567
5213 2387
985 6848
7363 5060
371 2560
7689 8836
8922 5437
5320 2832
4691 1249
5970 4475
4804 9714
7077 9710
6648 7094
4448 5516
8296 7980
7825 1256
9882 9515
9280 7970
666 6094
95 6815
4267 7405
9901 5197
5387 96
6962 5961
31 7056
4772 7320
8492 8304
9529 7874
143 432
8451 806
5044 7769
4496 3279
5849 6051
4146 1239
7499 7284
2070 74
4044 8380
1156 9705
2796 7926
3017 381
8179 3329
712 6538
9428 5809
7381 2444
3230 3591
7609 2922
5269 5559
8484 1593
7725 5464
222 6474
7261 9729
684 3325
2476 1180
3974 9342
2878 5511
2105 9457
447 436
7182 9863
422 6379
2497 9801
1736 5031
3566 4017
6874 8531
9695 6651
6687 6385
4739 8651
1656 6926
7668 435
962 8530
3013 9667
9422 3499
6110 5404
8404 5859
2602 4414
482 4759
4758 4886
5690 8385
9786 3886
1260 7169
901 8071
4101 7677
6945 5733
4810 7773
7607 4799
5019 932
9189 3190
773 9196
7717 63
9676 530
8092 5740
2376 4671
8076 3344
3473 5923
3155 5497
1263 4213
6374 9775
9801 7996
8382 1434
8 5526
8702 7598
6931 9805
4551 8839
1655 5518
4634 4277
4080 761
2317 3214
7133 5951
3581 3761
5407 4813
5312 2898
3386 7866
6386 4047
5094 2694
1590 5435
557 4961
5440 2168
3563 2854
2479 4672
221 3758
7039 2164
3673 1437
5435 8288
4688 8508
3106 9866
5460 4505
4684 3219
8257 9111
7159 7133
6265 3293
621 4471
4146 8479
8540 9821
4362 1478
7270 7907
6328 3406
9303 2139
9002 9929
9520 2710
4265 8518
7421 6015
784 1195
3062 4136
9432 9614
4837 6823
9083 3320
5056 5835
5832 5711
510 9602
5225 5924
193 3012
1441 7502
9841 9634
4742 1573
6993 9844
7241 792
8965 252
9562 5587
9716 1293
4851 3402
6612 8346
9396 4882
7817 6913
315 1068
9059 3814
8886 1638
6399 6125
1780 314
1922 1786
2986 4101
351 1201
9651 8437
2375 1526
2508 2992
9055 9231
9605 3705
4705 3119
7153 4208
3231 7761
8763 8990
6966 3213
4118 7302
7514 5844
8908 2830
4782 2983
8705 8335
6785 7817
5627 8016
5597 2208
2057 896
5407 191
2213 5698
745 8178
7915 4915
6743 8811
3032 2181
8945 4040
6587 8962
2535 9343
229 4921
6587 1503
2217 8330
336 8918
5640 6332
4772 2246
7435 4467
9319 4002
8244 9938
8790 4164
9366 2465
4458 6956
5396 9243
1546 4164
2076 2545
1516 4279
9532 1519
5501 1625
1720 2081
7933 9189
4621 4387
6070 5172
3110 8900
5213 5136
855 8859
3458 8240
5612 5343
6710 6418
5051 6421
5034 3508
3597 5891
7876 8614
7966 8031
4566 5033
4252 1898
6751 6795
5164 1307
7254 3360
4246 7070
318 5806
1855 6378
8332 7619
9559 8828
1420 1178
6028 8908
2814 7677
2448 673
9091 7501
6830 17
7706 2846
6776 379
2168 7455
3845 7835
4428 2833
7115 7968
8003 3325
5049 2686
5678 3211
2771 4763
5082 5518
3928 2057
640 1519
4035 6512
5768 9957
9190 4350
3313 2803
6000 5001
7261 1371
9107 8150
3898 1559
8734 1473
4777 8531
3022 3424
2370 5242
2185 3073
3966 7025
2263 7805
8490 1014
3136 7476
6907 6451
832 9959
7220 7806
3859 9757
1813 9770
8305 356
4717 6861
5770 3185
2938 318
778 1430
4830 1437
9117 633
7275 9051
2513 5393
7727 3220
2147 4967
1158 8588
8256 4421
8485 2910
7413 9896
3876 2377
3570 7653
7964 7870
2285 5126
1966 2756
2942 2091
6825 4838
8525 5311
4615 3084
4499 7121
2197 8526
5739 5833
4459 6184
6679 2695
8798 6017
5591 6554
2258 1302
9069 8244
9050 8115
6509 4230
9149 5609
5581 2628
2899 2061
110 6793
5616 2548
6591 4789
8140 739
970 1603
7640 2620
7212 2690
986 6120
7591 8081
2577 4219
1086 3711
1820 8027
356 7329
9693 8389
4417 3324
783 2574
2833 4568
5471 1549
9874 4141
5262 7026
5273 9838
9573 9038
3770 2257
3274 1252
356 1573
4303 6291
7557 784
1719 2875
8960 3368
7897 3739
8573 2571
2763 3657
9158 2369
2604 4322
8771 9648
4505 6250
3947 5974
1257 4459
7864 9147
8811 1736
6471 1472
2007 784
865 5299
2851 4326
8395 8020
9191 7780
8507 4961
5819 3136
7341 9432
8140 4348
2674 7656
5185 1667
3969 7034
7196 8177
7431 9727
7400 2125
6169 1162
5307 3669
5673 2290
1097 5140
6341 9021
8184 9484
5674 3800
5489 1294
2042 6379
7645 6041
5507 3503
8609 528
5221 8552
3684 2447
3748 8764
9811 4585
6994 9658
6318 2354
688 2286
4265 5548
6794 4149
7869 5970
5650 2176
1075 6430
955 2009
8126 1545
9930 5869
3526 8835
8673 5932
8553 9141
8171 6047
8697 5180
807 3092
8623 6579
2449 8011
6391 8760
3681 7793
7626 1270
4897 8921
4840 5789
6265 5095
7894 4037
3164 1902
4558 3995
5187 640
9797 995
5588 4948
5855 8365
7896 7896
9178 5927
9720 8058
8120 4380
4538 1939
6535 9199
1530 3149
1992 6216
4003 1171
8178 476
9857 4992
1325 95
2892 3812
6556 3027
9401 205
3363 1104
9232 5914
2670 7012
3595 9538
8899 7601
5334 144
4262 1381
2293 649
1526 6781
9985 912
739 1554
1274 4334
786 6205
4688 1143
1029 6361
4395 3585
5470 2908
1783 6592
596 3366
534 1597
1427 8760
1961 2172
2663 508
730 8078
969 5221
9312 4923
1936 2158
9221 1325
4953 4305
3848 6794
4280 9908
8214 8778
4510 4935
5878 1070
989 6329
9501 6092
2946 9529
8969 4481
2504 627
2782 7601
13 2833
7219 5106
8565 407
3 1578
2027 9911
9191 7445
2071 4080
4942 863
8600 5859
9923 75
4057 1966
162 3870
2513 8367
4875 9604
8373 6268
5881 2631
9559 1592
8033 7919
7177 9066
7950 9692
3329 8235
2935 5313
9185 2113
8513 2732
8407 7543
432 9620
6632 1511
2801 7824
3497 1303
4665 9599
1675 4036
431 6559
161 3769
1370 9231
3325 72
2588 7415
6509 4833
1127 932
3138 5232
5943 2381
4088 6270
9499 3249
5428 5429
1380 2178
5160 2473
182 6445
749 5861
7334 4936
6081 5214
4988 3018
6418 6319
6019 4017
1813 1132
9493 9641
5027 3018
9076 1382
3576 2075
270 9621
667 5244
1113 2569
1960 813
1093 9195
6707 1319
2831 290
3710 7137
6940 8421
7000 7607
417 5242
2074 7189
4979 896
3710 1314
5741 1874
8472 2854
9529 7682
7053 3661
8950 7240
7247 4100
5301 3550
3810 7485
5673 2946
4029 7310
1621 5647
7073 1000
6301 6499
1931 5607
668 2381
5657 8037
8260 5965
8237 9850
515 1280
929 9237
5558 2203
898 2616
8480 7113
4623 2774
3575 5516
22 1379
6537 6667
8669 1145
3509 2456
5978 7685
8115 4993
7641 5297
1065 4254
5127 388
2523 7733
7818 947
1347 1032
7816 310
2227 7402
1846 6119
1595 6407
7678 9574
6674 1886
7572 3395
5047 7626
2805 4385
9460 6415
1456 9340
9859 1646
4554 2270
1795 5444
7269 1764
1516 7333
9211 1165
9691 5609
6892 4668
3971 8265
5693 9573
543 49
3892 3738
5384 3674
2128 1595
1617 8441
3822 1994
9370 7409
9843 5240
177 8949
8520 4674
8808 9863
2136 2336
4288 9725
6127 5940
1785 2494
2399 71
8149 7477
1217 8667
5177 157
3835 9115
5169 5282
9534 1248
7588 9573
3451 2316
2358 1295
1551 4766
8608 1841
5544 1511
3445 513
7941 6531
6512 4917
5057 7565
7822 3260
4252 7118
1114 3146
6256 4443
8277 1795
7685 3642
6213 357
1224 4631
435 9500
7272 4709
2057 2721
4086 4135
4376 3460
8998 7807
1839 5460
4345 9052
786 9804
5738 286
2464 270
7490 4827
7902 1979
5914 8591
7604 7896
7734 3196
3330 1336
2410 8639
8721 3413
5899 3367
2974 9936
4337 2732
2992 1472
3426 871
1214 7639
2307 4985
8908 1251
4672 5490
1336 1623
9404 4703
4412 5501
3358 9989
1871 2541
3975 6249
3609 3922
9496 1158
1378 5077
8028 5929
1843 2832
8797 3521
6444 6639
9444 5909
4709 4026
6093 2046
1191 7972
9993 6044
1313 8199
6541 9844
9028 6239
5836 9951
4035 3135
2897 6022
5317 3432
729 6767
9463 3840
506 2882
8524 7081
1925 3728
4513 8787
8511 702
6351 8892
4816 4016
7416 5691
2230 8071
7399 3801
3018 1156
3707 5127
7928 5418
3276 6762
3882 3935
5201 7694
2348 1317
596 3341
7817 4063
4337 7415
7121 1900
1950 1828
8914 2498
7735 712
3538 1913
9649 2503
2979 7465
1717 8169
8747 4678
3596 8715
8509 2320
9760 5943
818 7562
6799 3850
6822 6011
4304 783
2930 8074
7851 2135
1557 4454
9559 5146
8030 4597
9307 2225
8820 1027
5233 3189
1253 7587
9052 9301
8835 7842
6044 7397
7772 3178
3166 9075
5146 8434
6086 3220
7998 332
602 8205
5648 6484
7352 8448
5766 6057
39 9626
9094 8413
6477 4681
9553 4508
4247 1723
4937 9048
2074 6037
2466 9681
6687 8542
3903 3230
1786 4610
7741 5958
8466 1136
567 8676
7915 9745
4047 2996
9718 5804
8085 4868
6061 2283
1708 872
2975 5510
2216 9871
5793 6215
8484 4807
5624 171
5767 6169
6118 5558
3328 2153
2749 8839
6932 500
4205 8787
2244 7762
4081 2620
2265 7288
5995 7241
62 438
4191 3797
3662 6888
7503 7403
4057 778
9380 867
7319 5663
2448 6820
61 2924
9997 944
2506 797
7919 2458
2657 6831
7290 8645
2466 3527
2119 5541
3810 77
5739 7821
2785 5913
9691 8405
7403 5859
9846 594
6994 6444
6804 4315
5161 5845
2317 5156
1548 4336
3668 3898
8592 1327
27 583
3600 8727
7967 491
411 6405
7631 7038
2499 3746
6502 8872
3320 5916
9127 5241
6369 7480
4212 616
1586 9554
2761 5364
9218 9907
9598 2927
2875 1839
461 4686
5943 5493
535 9785
5153 6540
7013 3196
3926 2776
9749 8300
9713 9302
4929 5274
2154 5315
4004 1000
4974 2729
3978 7826
6639 3242
4323 110
9947 7988
1060 7441
4062 8422
2966 4657
6598 3959
573 1520
5272 6760
2563 3677
9746 7305
1339 6395
1317 4357
4461 9956
2424 7728
6003 7152
5281 1117
6245 1144
8248 1192
3913 8497
4523 2618
1328 787
18 3048
9319 431
2594 9883
8047 7958
6553 2920
97 6449
1762 8744
5095 1205
2422 1561
3562 4061
6386 3148
2851 7280
5398 7368
5662 3430
5993 8224
1825 2284
3392 8180
8430 7374
5139 136
948 4390
6732 5085
8361 5726
2050 8589
3915 8549
5356 815
8076 5392
5477 2247
6787 809
2407 9136
6664 4610
793 4820
3549 1155
323 8481
6271 657
2381 5805
1245 7055
792 1343
1720 850
7302 2049
1400 1515
3111 167
9681 6094
2127 863
2618 5170
1405 3135
3703 8901
1701 8055
8817 1144
2949 4405
3468 3395
2648 2608
9656 9139
4030 7347
6731 8534
5970 4527
62 2901
4588 6335
9196 9103
7735 7900
4135 4613
2946 6500
6791 3949
1943 9272
9831 1074
8714 8009
4590 8918
1302 2321
1260 1474
8785 7690
4423 6857
4593 9126
5237 6363
5855 3133
9209 8019
4781 3312
6945 5208
740 3097
7552 4637
9470 1263
5046 2748
8814 5615
7399 8151
9035 6200
2525 6342
2330 2529
2189 8810
5786 3087
1355 41
6740 7074
5216 2628
9691 9998
4927 202
2682 936
5556 9876
4330 3257
8449 6231
5095 1161
1099 8807
4107 919
7900 2124
4883 3867
5980 239
2588 6634
6385 4801
6799 4033
3219 2449
6671 4836
7825 1135
483 693
6301 1237
1688 4260
1783 2776
1469 8506
4446 1942
3706 1251
9126 3269
5747 9279
2335 8782
5544 5106
4033 3622
1172 365
5529 931
5009 44
92 8534
4680 2970
4159 1959
8501 897
6454 4380
5905 8034
8752 790
9522 6572
1495 7234
168 8259
9878 5540
1707 1787
2421 9225
5792 6828
1793 6310
6825 6694
4251 1994
4847 1731
700 9711
1032 1169
7101 7242
6434 8440
1541 4007
3094 3995
7661 7681
2276 3302
408 4016
9890 1203
1193 1051
4215 2786
3829 3745
9003 5281
2339 3736
8870 5072
8283 2423
6031 8887
8305 9
3568 2424
7017 177
9346 4467
5649 3235
4845 4188
1724 2540
2604 2457
803 6240
7576 5508
4983 6129
7842 3949
6347 1193
6938 2772
8642 4631
3540 8341
7902 5838
7070 6083
1950 5537
8984 6523
3214 5081
1262 4334
7261 9304
1532 1006
7387 7981
2414 8241
1841 2938
4947 8702
6742 2403
850 8963
478 5937
5727 2745
4801 4505
7549 1773
4591 9182
711 1586
7632 9157
3787 8505
7758 2480
9032 1771
840 5007
6335 3751
8925 3136
7575 6122
5535 175
6825 8014
6521 8703
3260 5490
8066 6593
8396 7132
6002 3359
3154 717
4084 8655
7668 7330
1639 1723
7735 5471
3843 653
3201 9385
1515 2535
8048 7400
4971 9135
484 8728
5346 4913
6333 927
4707 1816
5598 2169
2392 9937
3910 3839
8139 5200
8884 2829
7265 5967
8531 7946
2807 2811
1920 3725
5647 2713
4682 685
5477 4889
1374 3784
8346 8995
1796 4137
4964 147
4542 7208
6710 9408
8648 4965
3844 2739
5900 1739
3014 1841
328 4158
2969 316
9581 5003
9165 5455
8039 1567
8662 2951
8724 2017
1819 7411
9086 382
793 37
9245 496
4699 8506
3735 6408
4496 558
7237 738
3156 9403
1820 962
3766 8810
8265 118
6089 9287
2268 1498
9290 9826
8318 4707
1012 2272
9202 6016
7385 662
2006 4080
3999 3892
1655 4503
5178 3433
6855 138
9648 3226
5444 1657
3871 9738
9887 2878
7008 8276
2603 90
1974 6797
7218 8253
9981 2732
1256 2419
8981 624
6433 1025
7352 8561
756 8786
8850 3767
384 4659
1005 7473
9206 5747
2097 6412
9751 9221
809 4057
8166 3805
5653 878
1702 6007
4043 8991
3463 1511
5314 681
6029 8079
8280 5094
424 6682
3832 6680
7032 5556
926 738
1491 7203
8370 4510
1397 1247
3340 4018
3313 1931
1483 929
1039 8688
2260 4124
9692 1012
2201 9117
7057 352
7796 7482
7316 9935
5055 8265
4908 4040
8043 8636
365 26
8621 5239
5882 4921
471 5736
198 26
3463 4108
2876 1793
3575 19
158 1943
9876 7234
9942 4556
6419 6701
4504 6856
3707 9624
1390 7298
2870 4665
3042 1786
4201 415
7571 4383
1414 7830
1142 7838
6401 9623
3781 1306
1954 8351
8080 9428
8822 3591
3355 4994
1439 4327
9030 8794
2604 8529
8608 5237
9715 2024
2315 7689
8983 8262
6194 4537
6037 8295
9303 3152
2872 2729
5850 2665
3027 411
8082 5442
6824 5051
7743 977
8092 4713
2452 9912
3491 4525
5196 3387
7212 8919
3581 3921
381 3107
6088 260
4872 3164
5544 9431
391 5995
3393 6342
4001 557
6348 978
7884 1689
4680 664
8818 8200
7436 3481
3194 7331
9945 6634
4633 5265
1188 6160
5787 5523
9050 1548
8124 2153
114 6368
7152 103
2640 8593
9793 9751
4072 6308
7047 5610
8900 9661
155 9532
4507 4126
2550 3358
5865 7070
9269 2829
1736 6333
1895 218
4612 4131
2779 7569
2826 4977
6371 2188
5505 3935
3142 8988
1190 7273
8498 8811
7963 9932
1665 9307
850 8584
8910 7567
8686 8399
3946 5417
3377 1591
1389 4021
1689 746
6989 2932
8451 2982
3787 5814
7086 2866
363 147
9383 1707
2190 4588
1232 8418
8872 5740
2467 2093
2330 8576
3550 7431
2484 14
6743 3584
449 1088
857 552
2825 3717
5773 7369
5163 416
4618 7371
2530 1058
4583 5852
6363 14
7082 4871
6096 8990
6952 471
2340 4842
1345 3777
5901 1911
5316 3665
6146 9104
7021 500
7472 8795
4321 3789
9299 5065
1291 2396
1977 3642
5215 9982
9529 1824
9577 1070
6604 6
5496 1983
6469 2827
2122 1861
7653 8252
2813 6438
2868 3201
1219 2588
6398 4961
2771 5193
2506 925
7636 9298
7447 8314
1254 9761
9001 9802
3708 952
5309 4616
2429 3707
7884 5137
4508 6023
8633 2918
1975 911
3516 8929
3447 7371
4534 3682
3545 9440
964 6226
311 3769
5847 263
8338 9554
6653 2270
4717 8360
8929 7441
2128 2883
3722 623
7659 5786
9912 5779
8011 8638
4660 5557
2351 1740
651 1519
6038 5853
8724 120
5976 3938
1608 6891
1832 6959
9198 9048
9102 9080
5432 1694
2660 7992
7233 3265
8432 4688
9415 1733
5639 5092
7953 6968
8646 4338
5639 574
3332 2025
4826 9899
2875 4722
6334 72
5151 5110
5552 6666
6731 7406
6344 3998
3838 291
9430 9669
7468 5286
2623 5442
2873 8939
537 8566
7819 325
911 1965
9846 9100
1418 2194
2076 328
2509 5330
7176 6003
8515 3241
1948 1174
280 5798
7348 4827
2558 2235
8375 8010
1451 1417
2113 3415
3596 1534
4621 1239
542 4305
4351 8676
3022 4861
1655 2738
8703 4873
2092 4530
4482 108
323 2200
7555 5208
8876 9506
6172 3662
6176 8421
8389 2029
7761 8878
5239 9474
9802 3879
7650 1741
2782 4127
45 8796
9901 8825
4911 5649
2573 2189
7556 7286
6800 1552
1783 9919
5526 9436
8833 3702
2271 4641
2342 1244
4283 9014
9559 4160
2329 9764
8150 6836
9066 3182
7291 4346
2504 4415
7312 227
2410 4756
3014 5546
9293 2700
2288 7486
8617 6829
1571 7530
1554 7572
857 3249
8102 6130
8499 1222
7574 7288
6343 9570
8990 5544
7350 7246
7376 2226
4185 2886
6241 1386
1020 2993
3714 7489
5847 734
4732 8840
3134 9469
5999 958
1588 6731
8011 6601
9003 225
5780 9629
6284 4585
4974 766
3414 5731
1289 1710
9400 3175
5396 2956
9 7851
7921 4945
7465 709
7324 6053
7755 2914
215 4367
9423 5222
3628 4487
6223 8903
1613 714
2165 8133
7068 5037
1874 4118
5367 2058
2943 4992
4725 9021
1879 3567
546 2820
1979 8733
7137 5874
8722 6
4912 6310
2461 1240
134 4807
1335 3600
5168 9312
8177 1997
2670 9002
5538 4139
5445 6549
2908 663
3405 1080
94 4044
3414 4670
2023 1704
364 9760
5039 9499
9107 3463
699 8752
8648 5720
1151 3745
9418 5859
1672 9218
5236 4233
4739 9317
9476 4893
150 7341
2395 9094
936 4461
72 281
1557 5477
3201 8761
4197 5399
794 2496
5933 9892
9757 7919
8020 2642
592 8581
4747 9045
6114 8912
2893 3651
3042 8610
7228 8893
2052 4319
6791 7421
389 6332
8787 7580
3567 2866
8541 8784
5719 4197
1310 4312
4468 6644
2281 5606
4343 3436
2619 5615
4340 2431
9076 7508
8099 4738
2650 3309
167 9940
4649 7104
5875 7385
9941 6327
5837 7426
9509 3385
2418 2253
9875 4087
8603 5752
9268 6306
4806 1368
3468 2269
9921 5117
8265 660
4545 7383
6384 3824
9265 8002
1364 7177
6859 3796
3971 9042
2172 2942
7548 1324
2741 2494
5481 8406
9527 4537
9459 8824
3597 6336
5324 2815
3142 1389
9647 7317
3838 8982
1332 5375
5218 2355
2292 9691
6846 4729
8911 5297
9367 3489
3090 4927
8160 5093
5048 7149
6398 1003
5781 7537
910 9174
7559 6430
6606 4979
8323 5539
7372 6069
7894 877
6762 1757
3278 2798
320 4713
2550 6304
9046 9175
5486 3332
7186 5314
4544 9289
9599 2219
8531 5950
4686 8327
9781 2150
1387 8292
8956 4464
5345 597
3059 7393
1106 1301
8426 2178
2959 8786
6504 2392
1201 3672
9392 4147
526 7093
6759 6795
1351 4340
9468 9353
7680 8661
2377 6601
5305 9754
4366 5566
1287 5751
8515 5979
8767 654
7755 5236
624 3860
9289 5662
1958 5964
9945 9282
6085 7577
1450 3767
4744 7032
3415 214
1151 1123
1251 9398
1249 1030
3447 8761
8241 1675
413 258
9400 5841
7273 2703
5838 5525
650 7191
594 1613
4744 5871
2106 9106
7395 2470
8283 9759
8043 5798
4268 6709
9116 1201
3878 5737
2251 5692
4869 5503
139 460
6171 96
3407 7606
6688 5672
3708 545
6822 8886
4498 5078
3791 3219
4595 8722
8927 5231
7045 6262
9734 2900
3538 9593
4448 3294
2884 649
8765 5009
7931 7222
2981 6849
996 7218
6335 676
3473 4700
5339 5119
6331 7812
6818 7021
5781 3318
5956 8322
4790 1000
5980 7703
7354 450
4620 9501
6154 6208
7504 1379
9065 4973
5353 3494
815 9105
1045 5820
6734 3076
6390 5266
7072 5773
8847 9450
1467 2992
3811 2337
3447 7035
505 20
6666 6924
38 7415
8066 6677
7594 8185
5797 9831
6957 7006
8471 5393
5033 1182
694 5156
8070 1817
2605 4575
2038 6
7302 7620
7418 8854
9275 4349
2636 2240
5095 179
924 6033
2412 744
8660 9417
4539 619
5559 1679
5197 153
9487 8993
2894 1490
5717 4411
7310 8721
3715 2700
2156 3485
9369 6396
9474 5634
2856 392
9254 4574
495 9274
3111 154
9810 3246
5248 4392
2677 2940
7479 4215
5275 8567
9095 6610
1643 3353
8346 3700
331 1936
5261 6338
7291 3285
2888 8434
389 7726
3769 1767
2692 4343
909 2360
6004 866
3426 6095
1127 7786
490 6599
2169 6645
4832 8784
4959 3925
1511 6310
7858 7112
3786 1305
5734 8451
8742 1916
6825 7339
1056 9416
338 1155
7192 7167
9129 4713
2530 8712
5699 9052
5686 2466
4837 8331
4464 579
504 7136
6453 6548
2701 1514
8035 8497
4015 1944
257 6794
5028 577
5991 8268
8480 3540
3993 7288
380 5155
9947 1867
5328 2674
9665 555
5521 9427
9044 3973
7726 2830
4280 8177
6995 9952
3808 8968
6018 3707
3099 5209
3638 2431
3109 2007
3753 9772
4720 3706
2409 4668
3776 3285
9591 5447
3845 9733
5881 7504
8962 7303
5475 3382
4093 9610
6783 8762
1722 1043
761 7231
9252 8641
260 1088
8982 9176
6965 7169
8733 2744
8894 1627
3573 8289
5905 1183
6990 4481
4614 1974
6081 98
9257 2558
9068 3460
3885 5942
6172 464
4715 9582
849 6816
7165 994
7790 9739
5623 3641
7300 4060
5060 7140
145 4597
6312 477
3314 7898
838 6141
1702 9652
5392 6753
7938 7068
4446 849
7305 9292
4878 2448
9219 81
469 8889
7979 5287
3454 1022
3450 5258
4323 1820
8389 5345
7519 2603
4963 5274
6036 2439
6076 7999
8919 1852
9699 1376
4081 3075
5629 645
7017 114
3535 6267
4634 6435
5915 1144
1943 7361
1380 521
4332 6482
2346 1561
7989 2220
6031 4353
8252 5386
9343 6351
4014 2776
2336 5013
8393 4862
7346 9711
9054 4655
6032 2955
4051 1123
7740 6612
6596 8285
6287 4934
4060 1483
3700 1098
5759 376
1037 1280
4842 9514
3051 8977
4242 8886
4527 8193
3928 9357
1292 3357
2787 4810
2209 8166
8716 9787
6200 6776
4430 995
5468 2057
3523 5314
9537 5778
2223 7207
4338 4864
1999 9478
2043 5976
6701 515
7 9704
2413 6633
6441 4067
1684 7723
4733 283
3504 5517
9450 2041
1034 8114
9342 7490
979 1213
7031 1168
6230 2193
1433 189
2946 8095
3497 8661
9420 1115
8733 5001
146 2483
8994 7913
3691 2395
4378 4193
5794 4398
5800 5349
3653 190
295 1327
9126 3289
4933 881
2503 8525
4379 5921
1184 5286
4506 2436
1451 4737
4049 6842
4011 4942
827 8702
8730 5258
4268 8834
3879 5780
363 4955
7543 4311
3207 6982
3576 8267
7452 7938
1119 2515
2030 4355
2918 1189
8641 5119
3263 7799
3424 607
7741 2663
26 6009
2389 9074
836 1897
548 3171
9188 8191
7555 6872
5176 8205
9303 8779
2670 6689
235 5307
469 640
3879 6404
9820 3632
202 597
9351 4627
2228 7590
9384 9971
3955 7102
4037 4762
1502 720
3577 9187
9405 886
9680 5745
2117 6977
3203 6758
1440 8593
7770 9724
2269 1748
7919 3651
1324 9309
6078 3822
2330 5202
9338 5701
3902 1720
3344 9480
7211 9834
2559 2819
4070 5298
7507 4821
1876 8780
7035 6750
9102 7353
5191 7386
9403 7639
1524 7152
9781 1605
8476 1705
4035 9604
3029 1184
1833 7568
6035 2655
9797 9750
2883 3661
3763 59
3848 3607
4072 1605
6662 8780
6111 9935
7394 8675
5014 324
4882 8326
4901 4041
9086 2119
8788 7146
7740 5761
1124 2682
8536 967
9117 3132
2146 8431
5901 256
5061 3656
1103 6073
2088 232
3330 8670
302 4193
8642 6749
3575 8202
4485 8783
2019 5396
892 7021
7278 8573
7442 259
9139 9137
4787 6396
741 9754
8341 2534
1837 7269
5611 6580
7135 4492
9900 6873
5917 3740
870 5051
418 9430
9967 9061
4059 7060
5300 583
2177 5203
7652 5847
182 794
8337 4569
6121 4189
1663 5926
6035 4735
1677 1707
3786 193
3159 285
4944 4873
96 1469
617 2119
1036 87
7131 412
2653 3533
8178 8777
7973 2511
206 2293
8837 5643
9185 52
5352 7231
622 3226
2673 2031
5515 1772
662 5387
2399 2298
4210 9859
2466 4931
3551 8283
6676 6991
4116 8864
5419 835
6767 2213
2309 7586
8480 5040
8663 3496
9999 6306
3036 2169
3794 2134
9884 2204
2412 600
6533 2128
9745 2853
2736 1471
4878 6473
5795 9870
1586 8921
5033 8402
9690 2966
7003 4257
2948 1897
8436 9179
4877 9602
450 3732
7895 4146
4678 6975
1726 1037
5400 3138
4428 4518
8443 5173
2074 1923
1053 5199
1322 581
3790 4927
7099 3030
4669 1249
6692 6061
5639 7916
4200 2253
5080 5167
7417 1162
5094 8599
7348 5043
8653 3060
3265 3946
9379 689
7811 4242
7986 6678
3175 4714
8624 4265
2755 7301
726 339
8867 39
488 9651
8142 8525
2495 8149
2435 6841
4496 5347
9371 9298
6168 1396
6661 9550
7212 3531
8079 519
1829 8024
8185 9215
3455 42
7311 2480
9053 3005
6453 2267
2289 2571
3908 759
329 6932
1915 9473
3425 6482
8688 9238
876 6881
2727 296
3973 8234
7453 1463
5312 3084
128 3925
7760 1631
5306 2297
8571 3384
8544 183
5362 5575
7916 2630
5855 59
9709 3313
3963 2119
8705 5551
3615 5141
6930 7877
6106 8597
4188 2441
3914 8558
4677 1799
4916 4140
2128 989
7301 6493
9645 2616
4405 2182
5321 1956
2087 2040
5520 9668
6967 2128
5612 5644
9707 429
8662 8202
1455 1551
4615 1665
3042 41
692 7484
2577 8105
9540 349
1241 1948
3421 8261
5810 1022
8903 9524
3192 6217
8915 6106
9372 2906
8286 5796
2252 7372
8220 5508
7722 3786
3685 9315
3811 8470
6276 9659
608 2278
5321 7530
2597 2868
1588 5295
3709 6326
4313 8317
9079 6830
6461 1711
8629 4105
6025 7906
2479 3760
1459 3084
4279 1842
1870 5729
6236 9598
6441 507
642 8121
1699 1199
6542 1033
8963 9789
6870 7394
2661 9479
579 4898
8876 20
3463 9839
9999 1075
9793 1096
5005 5767
367 1343
6865 5235
7903 1112
8929 6784
6331 5182
9398 6448
9308 4431
9527 1550
6404 7684
5321 2457
5501 2633
7274 7322
658 8834
754 7475
7430 3708
3771 164
9159 439
9204 1169
5350 8648
1685 8170
8177 8495
4592 1569
8814 4845
9258 4575
72 4418
2023 9276
4299 5503
6543 4739
2612 4729
3681 3306
4860 2405
2371 6850
9119 2724
8175 1261
9444 1551
697 4805
4811 7178
2861 8418
7661 901
3013 9793
2862 3820
5791 7577
8631 722
1022 2831
16 2438
9630 9636
4262 6430
2811 3826
4272 9727
5042 2668
7138 5629
4370 4473
2132 8477
3852 6176
5736 9957
3546 6397
5062 6965
3167 8594
2464 2798
7429 3060
5387 5282
1943 9954
8891 4709
5082 1352
2330 9109
9387 7017
8404 7773
3889 9601
7966 425
3224 132
2939 1995
437 910
9648 4897
226 6396
3018 6908
7601 5623
4029 3816
2466 2936
5186 6435
8425 8635
7108 9145
2816 1834
2483 2484
7448 1969
8832 5595
7218 6812
1394 2759
904 3046
7320 7018
9241 4093
3860 8530
3053 4766
5440 3585
781 5348
9641 966
7773 3057
1653 532
5641 6995
9645 1675
4257 2348
9278 9261
2222 2062
7312 7637
9325 2688
634 5059
2030 1998
1607 4833
4897 4225
1351 1641
8903 5154
2218 3470
8531 2577
8356 7151
6526 7160
9884 3857
3104 7627
3235 7947
365 6071
4368 2395
7358 2667
6940 9277
540 2272
4583 7758
7891 8601
512 9591
6569 7589
931 7392
4970 976
2087 6652
5973 9952
6267 3516
9701 9802
9233 7088
1804 8616
1379 7414
7126 2322
6622 3397
2874 1230
9470 6552
5178 7531
9994 1389
2514 9779
2937 6027
4324 6184
749 2539
3817 8634
4350 3073
7494 5333
3537 2811
7947 9662
5587 2207
483 5318
659 1754
4882 1326
9107 7680
7627 4922
3029 8315
8772 8488
7726 7881
3322 5170
8767 1646
4345 3750
4330 995
3561 3584
9255 5495
4996 7627
8881 9187
503 4105
8694 9090
221 9730
1166 1376
9167 4665
4494 9827
9399 4089
