66
1587 5967
6109 2111
2897 5919
3671 8618
1497 6637
2553 6920
5802 7764
7942 8911
7147 1267
7216 1714
2122 3587
8194 2111
9191 9705
5473 6302
4415 6
7285 8087
3031 4461
6532 655
2466 6271
6460 9550
823 6977
202 5542
22 8985
7438 985
885 6035
4472 4506
1704 7116
4237 8404
1747 797
6970 4232
7303 3345
6195 8926
1226 5048
4063 5356
972 9459
5608 6272
5884 7190
6103 2767
3462 2199
3746 9135
4754 6049
4186 6995
7172 6370
3657 8954
2333 7631
8193 2567
6506 2837
7823 9647
464 8911
4815 6558
7632 863
829 812
9142 5708
632 3772
9863 6088
570 9696
4182 5875
1144 4050
6317 3931
9725 6068
5327 1436
477 9206
7712 9707
8871 9006
4640 1772
2835 7363
