8127
2990 6337
9177 7238
9640 3191
176 3527
9945 1276
7313 8160
1550 3301
1020 4051
4886 2140
2975 8166
7528 5824
2279 702
3601 5678
4042 1515
1613 5278
8190 2664
739 5884
9513 2760
2979 8630
2196 9198
1657 3791
3426 1477
4155 9541
7120 2638
6205 2007
1408 8298
1912 4914
8966 822
774 204
8950 6631
478 9511
3463 6252
7383 927
4615 1156
9935 6905
3526 848
9784 8579
3048 4851
7107 3904
7162 2298
4516 7800
8879 8526
2750 7215
2084 1035
1787 4899
470 8331
100 6398
9739 7149
2460 314
1434 3575
4941 410
4054 4205
3753 5351
8577 1216
8364 8967
5479 7164
1462 6368
2077 3556
9290 3303
6367 7070
3986 5587
9769 3463
7676 3252
5334 5167
8065 9672
7463 5006
4039 8375
2902 1126
3685 2715
9414 715
4845 5746
814 5842
5468 832
9743 7536
3336 1458
3849 2656
8897 9802
7827 8281
4676 9157
9920 2446
3702 7079
5944 4134
8610 8247
1042 5612
3360 2482
9218 5647
7752 2463
1742 2233
7296 9735
9949 8567
1269 2538
5186 485
1216 7031
5239 7653
8265 4729
6414 1153
4334 6682
3013 3869
346 2138
4573 38
9648 7146
6350 1732
7507 8352
6702 124
7210 1835
9559 7023
772 6772
7871 81
3812 364
4221 177
9259 2057
9608 8156
5245 9311
1352 1866
4629 4111
8923 4354
7774 6707
9518 2538
632 8226
7318 1850
787 8642
5322 6686
1986 2499
4311 1966
9355 1729
5833 8351
6080 908
23 3414
4303 5616
6355 5235
5414 4184
7103 2940
7612 637
6156 1211
4338 9822
1292 6644
1335 7970
9350 2354
7887 2383
7703 9512
1493 4055
9443 6552
4044 5611
3756 5110
4290 9867
1074 8771
7834 6022
9637 4181
9186 5857
263 9936
797 9225
2248 406
3524 7515
7461 3052
5076 3045
9248 7818
7619 618
6719 7508
5568 238
6327 1256
5497 955
8614 3200
9533 4072
4787 2037
2978 7113
5235 9722
9277 9437
3136 4642
5378 3420
3382 2646
5373 4700
3011 5014
4686 3530
8522 8114
2527 4017
5628 4422
4532 3600
4465 1274
6642 3774
9396 9208
9210 4098
7298 7479
7053 4305
4708 8346
3176 8088
2724 9421
8629 5151
6790 2270
7700 8728
1979 9284
1218 9698
8712 4243
5530 7403
4499 9464
5639 4586
2511 2882
6448 2527
6093 5168
8234 4646
8930 4471
9389 8818
1167 4093
6332 4745
1665 3603
5861 6774
6790 3422
4510 5802
8791 5727
7683 5942
292 4851
6461 4408
8137 1731
8116 385
6354 21
9183 5355
6695 5115
5483 7836
6266 5277
6397 3532
9065 8680
5886 5439
3776 3434
150 5996
5248 4614
5460 7057
6899 753
5524 8291
5423 680
8597 420
2340 605
5387 3793
5640 2203
4860 221
8505 3184
4707 1335
3043 2837
5517 7362
7938 931
4635 6495
3163 7853
4874 3617
4668 7788
4852 2001
4100 4895
190 199
6758 9726
7222 6151
8495 2458
3254 1435
8968 8689
9112 5374
9223 2648
6580 8830
5482 6798
3712 6798
7925 2735
3606 8203
6403 8274
6153 2869
6744 1338
145 4526
394 5830
4294 8261
1788 1842
3624 2758
505 1069
2480 5603
2245 2143
6738 1638
3917 2854
3298 9938
6251 1027
86 7469
9779 2902
8731 5858
1808 1289
2418 1631
3739 4858
353 8639
2093 9004
6117 3518
5519 6807
4133 226
60 6898
6666 8795
7363 3026
2671 4269
2210 3469
88 5054
8586 8301
3522 8621
2069 9825
4253 4092
7644 292
3217 2394
892 7991
8458 2884
9814 7081
2742 9698
1685 58
2261 9943
5017 5408
4175 9299
2659 1704
5207 2534
8823 20
9414 5930
5217 288
3240 5846
4574 9353
5659 6613
3063 2542
2901 9322
7900 8835
65 163
5128 3858
5286 3120
6450 2197
6984 313
8585 5373
2422 8761
1902 5309
5931 9319
7737 636
8359 3812
1704 4661
7704 1850
9899 7810
7631 9485
5647 8428
9254 4881
3305 6547
323 3533
1316 4840
5806 9667
5998 2540
7845 4788
5368 2393
1879 2985
5349 8231
7208 2183
6856 6453
1652 752
2771 7035
9714 9283
478 915
2172 2254
1943 8476
9326 6077
8125 1500
4586 6989
6282 7511
2740 5094
1852 4578
1318 8305
9298 6537
7935 8050
5529 2915
7836 7386
6115 2618
5100 4490
7127 3663
2850 5345
5984 1147
4698 3755
2372 2092
4701 9177
4784 6564
8196 9929
2572 8541
2087 2791
8351 8777
5174 9899
2364 2973
8846 1858
8797 6145
4650 9628
3543 2974
9776 8440
7001 196
8371 1609
1452 3958
2027 1509
8529 7319
1051 3297
6655 1237
9170 1010
1430 6704
710 3462
2877 5508
6533 8549
3766 7903
9855 9635
5900 307
4106 6796
4408 1025
3886 4060
1527 6047
3934 7920
5387 3343
3802 5778
1101 254
1639 5092
3978 1012
2591 9516
2893 4050
4103 4018
7074 3033
982 7924
7446 303
1366 5220
6335 2077
5368 8920
2250 2186
1460 8321
7846 7352
9410 1083
3747 4249
5632 8546
4804 4817
3055 9605
70 7679
6175 8248
3866 8852
5923 7155
700 2695
2682 1370
1496 3760
9793 2470
8946 9348
9648 2242
4195 4269
9086 3072
9390 8864
3567 8584
3797 8519
6350 3683
509 6684
6659 3392
7351 2876
3274 9719
8941 3009
1534 1489
9237 1658
2010 3140
8381 6262
4663 1171
9449 1303
743 9996
6793 7089
8437 3173
6182 2358
8569 1034
1066 2957
1829 3470
6588 3930
4450 765
5895 3636
5482 7221
2503 9138
3297 1685
1650 6326
2593 4399
7589 8361
3558 2755
7777 345
3688 5379
771 2377
3255 8938
12 4027
1554 6329
9683 2409
4406 6982
3628 3067
53 1626
9691 655
2189 9877
2292 5008
2058 3253
3093 3972
785 8817
7768 6053
1105 2242
9241 9576
3882 9750
1181 2616
2605 4170
7953 2518
315 1539
3875 7764
2968 1437
782 7354
3628 2252
5396 6916
3796 2758
6836 8645
8233 353
1573 1188
5180 2669
763 6369
1952 7276
3148 3188
4401 2868
5425 5590
3807 9961
4344 4528
503 6530
6492 8465
4816 4952
70 5389
2969 2693
6397 4021
1586 440
3512 877
2723 8731
4719 5667
3765 1199
2579 3462
6110 8530
1346 204
3730 2027
1708 4843
8903 3935
6368 8622
5968 5018
5918 1607
3547 4150
826 7358
2841 770
5031 8613
7705 126
2287 6354
2949 3739
3835 1488
4779 5261
9481 5729
1859 947
5016 1465
4429 6431
332 7797
7062 3890
8796 9907
8213 2587
2438 160
8872 6920
1610 3097
2094 4448
7437 7333
6759 4957
4593 4497
6732 544
8941 1835
1895 7140
4722 6338
7453 3406
8402 6536
1785 2271
3915 3449
4297 7920
8133 702
6453 4343
2083 995
6328 5803
9550 8329
7254 9853
5918 6702
2324 6521
5607 2180
7579 396
7355 801
382 8676
7551 6380
6468 1156
7490 2003
2987 2144
8634 4622
2209 7726
5914 5444
1824 5604
2208 3752
3460 6511
5332 1749
2890 7180
4350 7921
5307 2539
6745 693
7100 9052
7002 6569
3461 4388
4373 464
9052 970
674 8498
1318 8676
7788 5340
4105 7851
6120 8673
3239 4351
9426 2088
4121 3785
9126 2720
9034 9201
5157 6268
1290 6567
3359 5861
7354 9089
3631 5321
1852 140
9830 8810
933 6005
6635 4936
1617 4214
750 6926
6064 7574
6314 5570
759 9114
3522 5873
7011 2575
4654 6505
3176 7439
7728 4254
7116 980
4060 9233
9398 6565
1705 3768
5768 252
3656 4185
6060 4177
1015 2100
7648 7457
9991 848
4298 6127
6610 6697
6593 6511
7582 2635
1983 8768
4625 9449
7748 3426
36 4808
6931 9750
9894 4080
2354 105
4491 4611
8775 1062
7452 1509
9467 1024
9768 1664
530 3645
2755 3225
6662 5426
3802 7886
8589 282
8324 6854
8029 1379
3018 7497
8070 9669
6097 8554
3250 4358
3146 4480
2902 9708
2010 8221
775 4714
467 5760
7054 2548
7823 7542
6089 6453
1644 3445
8617 4026
7912 2260
4859 1119
4794 8370
3188 9324
3429 3212
5025 2155
6945 4725
5940 6792
7758 1273
6259 7582
7504 828
9724 4452
9643 8921
4553 6387
11 9901
6665 2770
9413 3857
6150 3756
8096 3051
8923 5762
138 2350
219 1583
3834 9305
9067 9287
9869 2780
4809 6015
423 8082
5069 8186
6067 1133
4449 6779
8385 1558
1470 1027
859 960
3189 6580
3462 4182
2482 8522
5658 6260
6838 4960
4376 255
7330 5351
190 8696
586 7856
4202 1768
5105 3936
2192 7036
5229 2611
9236 3429
4214 8338
554 3159
8309 5237
5483 6647
5692 2841
4927 7718
823 1687
2817 7362
9934 791
4623 9537
1793 5846
6318 8868
254 2354
4941 9594
1763 4872
1054 5429
7716 2135
5327 8603
6973 371
287 2558
7570 2701
5742 7751
357 2857
1909 6996
8590 9309
6854 9703
4263 8067
3630 998
3075 5163
6022 3492
5995 6809
4402 9754
4641 2566
3896 8866
4387 9514
3127 4088
1082 2256
2201 3102
2722 1345
1914 8064
815 7246
7396 6730
3042 2004
9300 9857
8725 2975
2118 3592
869 448
8120 8275
1405 9729
4869 6309
5810 2741
7646 2745
7833 9166
2703 3288
1766 2544
5712 1711
9271 9692
5739 6383
6230 8381
9298 3751
8666 4359
7113 8130
375 3935
2416 3576
5429 3036
5620 9332
1470 5272
1140 4598
2116 3597
3245 6237
3412 7950
965 2774
4320 6495
8884 4119
9440 8611
9095 6532
2376 8661
4692 9990
6258 2382
4871 230
5342 591
293 1546
968 1513
902 4363
5115 3951
5168 5556
6895 1493
7675 8692
1481 7005
2620 2074
8704 7744
7299 8979
655 7000
4868 6733
4475 6906
2275 3510
7622 1481
416 9515
6025 3582
9094 2260
5043 2861
5826 2129
3824 9919
7139 6848
7864 8660
403 3127
574 3232
5449 2073
7435 8909
3454 8550
7022 8754
5283 9128
3999 706
8918 8584
2116 6727
6453 6300
4067 9711
3814 5849
8368 3223
2417 5821
7903 6719
5409 8258
8319 946
157 1098
1597 6180
321 2177
2359 2484
7908 7454
666 8428
1046 7551
6148 8205
9906 1163
3880 9766
1845 8876
8364 4737
7777 8019
2528 7006
7639 7337
8024 9450
3135 7003
1965 3420
9390 683
8880 4486
3146 3241
3982 9080
2354 2709
959 5844
5301 4717
445 6659
1466 3251
1036 9005
9363 9161
8651 1280
5944 3490
4568 417
4942 5667
7021 1496
5692 578
9765 6277
5085 7965
402 4441
1048 5895
5028 279
1059 7382
2306 3355
2651 8687
8398 4580
7406 5866
9229 5313
2616 9527
449 2725
5493 2085
3749 193
8373 2952
6267 7064
2519 4844
8599 4937
2331 8655
4620 1058
6911 7132
428 9858
5487 9059
2340 5542
9457 7757
6903 4901
9586 9063
2412 3143
3713 3496
1626 3040
7744 5097
3236 4013
3352 3688
1231 2284
2553 6782
3367 8816
9754 6857
2885 7127
9234 5079
2682 3032
966 6991
2497 5631
9251 6428
2022 4500
5079 59
1457 971
3771 8858
7820 8400
7182 6774
360 9883
2156 9296
1839 4137
801 2637
5727 7676
1375 7910
8305 4284
9765 9656
6710 3443
3057 836
2965 2896
9599 2791
4942 2525
6630 3547
6170 6392
182 2410
1911 1748
2242 6396
7565 9
2674 4303
2768 6294
5198 3415
7011 6406
4368 5550
6780 9765
1780 1029
1352 7142
6056 2958
7654 1291
4210 1031
9914 3126
9450 3532
203 1215
2799 880
7869 7564
4630 9836
7342 7959
9207 9294
9739 8849
4202 446
1773 5394
9735 748
9262 1577
6276 1527
2727 4815
8856 2259
833 8192
5343 3552
3371 7458
2689 4458
5626 7915
1009 2650
8772 8968
6931 6806
2936 7126
7244 1950
9373 6752
6864 260
1894 4846
8382 8392
6810 4516
1472 3794
9561 9897
4208 3615
835 7760
7643 9214
1208 8589
8761 2894
8651 109
5274 8300
1913 8230
2018 9041
2030 3324
2420 493
6891 1347
6952 5433
2872 7667
6780 4634
2139 4124
9378 3647
991 9467
9091 5492
2322 2589
8168 6026
9721 8321
6593 9434
5279 6846
820 7207
6757 5289
3101 5306
2170 6631
4138 2347
2143 9465
3382 5435
1791 7558
8874 664
2263 595
586 4265
6809 9379
6195 4395
7632 2402
2855 909
8213 3112
2049 8198
3693 7745
3754 4533
9288 3227
9358 517
6574 1368
4438 4869
5437 7670
2603 3524
72 6736
5957 6013
5505 7573
8060 6053
2869 6695
2883 4450
4009 2244
3688 7633
7000 6660
7092 8894
2764 3004
1598 4314
24 7045
7812 7225
7150 7505
3189 3857
2260 3071
4393 4779
9631 6379
9229 5496
2301 82
1053 9881
9722 3344
8559 7600
5609 3437
7175 1193
710 8436
2368 1715
9137 7799
5814 1857
3910 5743
8618 1051
8427 2799
1124 385
6337 3477
1817 5220
473 9694
557 91
2258 90
2762 4005
2837 5222
6614 9867
3314 5804
7338 6878
8324 282
2120 1505
3945 3409
9445 5334
6048 2357
451 80
7927 9049
2455 113
9008 4270
5446 9520
141 4665
2707 1058
7855 3263
1740 8939
6431 3175
9358 8280
3637 3852
3055 1492
2511 2355
3644 3417
4930 3093
4356 6067
2612 8443
9905 5675
6544 2345
2297 6037
5847 4475
9885 663
7265 1066
6080 8361
11 9515
362 3675
2510 655
9155 3072
8975 1879
516 1832
6056 777
2638 1257
4619 6045
7685 4059
8234 2127
9996 383
1793 8808
9783 453
1344 4510
1592 262
1343 8162
482 5115
6571 4571
5505 8995
3460 2214
1606 1813
6345 403
9330 687
4765 301
4758 6859
6875 9797
8108 7618
3834 7448
7266 5465
2769 7217
540 9720
8185 1293
5683 3730
5073 6393
9813 7091
3769 9175
6759 4124
4017 1723
9069 9706
7118 739
7532 3158
13 653
340 515
4368 8701
5794 4520
2103 9300
5230 3687
9313 346
1640 4943
1950 9504
9425 2099
18 2609
5867 9657
8012 7468
656 8317
4112 3865
3691 3047
7013 3707
1279 7299
1426 1531
3467 8830
8179 4983
9922 4568
5662 2466
9247 1966
2455 5751
4174 401
8151 7625
1661 8550
7647 9044
9785 9448
9724 320
5142 2550
2446 6065
8617 4198
9900 3988
1160 8801
9741 3368
1113 7970
6226 4803
744 6323
6315 8174
4059 5584
9719 6658
35 4141
644 7287
7121 3743
3720 9025
5290 5624
8182 797
4840 753
6159 4569
1292 6263
2254 1851
4629 7674
833 6463
5829 6638
4762 2865
3978 8265
1801 6553
805 7625
1790 2944
4618 1153
6672 4561
9842 1309
3377 1842
3700 1197
9092 454
723 6216
999 3266
4531 6323
545 27
6927 5996
3818 8056
1445 9551
8139 6277
2003 1264
8950 2337
8234 6585
7798 6515
1523 5519
3252 4807
3770 1162
1970 1084
73 1064
7596 8666
1572 1165
6934 7077
5222 4637
9908 9929
9496 6224
7300 9265
509 760
7433 574
4638 3237
8670 3045
2047 553
2941 6359
4033 558
1185 4220
8650 9910
4838 8825
6937 6549
6600 2005
6031 7442
5453 6236
6660 7320
2016 7791
9883 9710
5645 7832
7985 7918
578 3478
9670 3491
5809 8840
3042 5722
9615 8345
8898 5503
2246 4170
3589 7740
8626 6470
7642 7831
4828 4946
9479 554
3573 4139
9908 5329
9526 3116
1039 7585
7206 4915
4617 8956
5432 1940
3913 4128
8292 9554
5830 769
2459 9290
4902 5753
1801 4838
5053 6904
7150 1527
1723 4014
4083 9652
1958 3204
9836 2722
2520 255
1259 9254
243 8499
9205 5125
7665 6356
3986 3750
5187 7259
4056 6475
1249 6718
72 4995
6114 8851
7407 384
8811 235
2271 4745
2270 9871
7186 3083
1259 2227
2028 4835
2471 7698
8049 9177
9663 1565
6318 2789
7166 7501
2693 8106
6512 5434
9272 6272
826 1763
3388 8028
8855 5950
3173 8111
3459 4694
7247 2663
2466 1590
7263 5275
4962 1298
2234 4830
7401 9661
2016 1348
8712 9815
6943 6293
656 719
1408 9483
1581 1887
2999 258
1985 2687
679 5390
9631 3711
4490 1711
5668 6455
4490 3975
928 872
2657 7
214 9578
1222 9830
7762 1042
7910 667
1826 169
4993 1051
6325 9213
6094 5675
1762 5942
6446 9862
9006 4470
2942 6892
2607 9088
5832 7660
2432 6938
2062 496
4097 8915
2659 6818
6186 1127
5509 8794
8765 5630
1860 7258
5390 473
3822 7476
6950 3124
7261 2040
4130 2649
2271 2021
3740 3764
9791 798
3319 1246
4537 4102
1833 6893
4338 7273
2495 6873
9279 2102
7143 9511
3060 7653
4580 849
8805 2144
2220 7240
4129 3149
2029 8819
7606 1960
4693 4596
376 7085
8666 2179
123 2236
6402 2008
5552 568
1095 8686
8512 486
6358 2413
2409 396
1130 6995
6038 2295
686 4051
9905 5675
5231 4968
6678 6720
3694 5480
9070 5169
1383 8719
9876 7243
5121 6932
3082 4701
5520 3728
984 3679
5671 8959
6480 9723
5639 1509
6101 7308
7136 9825
1937 6328
1295 4448
9829 2636
6971 1220
7285 7239
1583 270
9007 8857
7897 8213
6801 9066
7470 6760
8522 8382
1563 5597
557 5260
5053 9915
8928 3909
7689 9058
2115 6543
5338 103
1594 886
7924 7219
5719 6769
7802 6336
6353 3209
5502 2647
1228 3963
3220 2433
237 208
6868 2485
6208 9830
9970 3259
4288 1465
1743 7976
8030 1817
5716 9331
9179 8156
724 8624
4466 8927
2919 6364
8754 5848
7857 6496
2202 6449
9575 1778
3774 2693
2009 9045
1706 2441
7967 7900
3933 6839
5549 6348
6094 2180
291 20
3167 2491
276 7587
7620 5358
9087 9183
8607 202
5111 195
1708 2282
5150 3130
5432 5962
2967 3643
7242 6694
5751 3467
6471 8824
4720 2217
285 3791
5806 4243
5364 2989
9398 7022
5670 8473
4159 4457
8760 389
8044 7875
7090 111
7021 2232
5450 7864
7659 8586
3523 5385
2157 2368
1910 9782
7281 714
7332 3903
7755 2242
730 1247
9607 8033
1138 4632
2845 6096
2401 6180
8394 9933
1342 7379
6103 3293
6432 7241
9732 8103
2543 4617
8506 2086
4175 9873
9083 6499
1431 2250
7121 1744
1242 1869
9966 7812
4917 2810
7710 3445
1939 6677
3132 9929
3612 7559
9144 6978
773 9853
7518 8108
6226 797
5769 1379
7352 7954
9526 6862
6681 4544
8381 4170
7747 8930
6980 6289
3392 6482
9860 8553
7003 7966
8933 4407
9730 2189
1383 2103
4228 4651
3796 4767
7795 5454
9860 9754
5190 3122
5609 270
775 3098
8605 3235
8252 8026
3499 958
7514 2190
6228 8026
470 5601
8523 1827
4248 7008
4818 7353
1670 4155
5073 6250
8641 3916
5280 6299
1607 7377
9020 5810
1850 2325
163 3648
4816 9619
7313 1481
3056 8103
3218 4522
2833 882
1662 1348
8680 3146
6761 3275
7431 8392
4639 3761
8532 6380
5020 9978
9309 9127
4674 2951
4109 6407
3678 3909
9087 9655
1055 5637
4666 8848
752 8554
5188 5718
6299 6902
3449 3098
7927 51
1212 9802
3365 4341
4689 6406
1287 2426
4761 6558
6753 8089
1549 9649
4527 5515
3032 1328
7343 161
459 6926
365 2837
9064 5231
6666 6814
8524 1582
9079 8576
5197 333
7827 1965
6786 3810
1669 741
3938 3772
4383 8289
6408 9284
9751 6323
9880 6139
3313 3892
3642 5329
306 642
9410 8042
2960 4486
7843 3585
6750 4292
8049 9350
3039 9198
9166 512
2665 9512
4871 9731
7269 7211
7900 4105
8108 293
9297 9668
5513 1796
8161 146
8488 5506
3909 2236
5692 6859
8670 30
6947 5470
9089 7242
2197 7738
8080 8410
3670 7614
467 853
306 2888
9740 8201
9721 526
9321 7450
5842 8820
9765 7776
3003 3118
1475 9529
7024 5933
1738 1005
3922 7980
9120 35
9432 6113
716 8097
4626 2507
3815 1854
2412 5265
747 5222
4490 6982
3271 2410
6536 5882
4352 441
7108 4788
7702 2805
7888 4532
6396 2949
6733 9327
1929 5738
3068 1187
621 2979
9829 8348
6965 7922
772 8439
3991 6990
9867 9230
2783 2818
9347 9645
2935 2959
1562 7027
5153 4373
1117 8415
9090 9790
4250 8439
6525 6094
1448 6893
1067 2696
8425 4557
3792 4884
6428 5627
735 981
275 9097
5044 1890
4114 4005
666 3774
1741 5340
6800 3343
7020 1909
5793 6648
2136 1631
2969 8342
157 8871
8697 9310
5102 624
979 2239
6230 724
8268 5532
4839 8704
3192 9946
8912 9143
9151 9266
2033 849
1804 7080
1102 3694
372 6760
1442 5863
6860 4918
2871 2385
1378 5396
9356 3558
4813 1536
7482 2229
3121 3490
7593 7462
3986 8997
7921 2498
6067 7104
6730 9257
1042 3663
8068 8389
8930 3852
4648 474
5128 7547
4583 8854
1906 2256
5961 1256
3964 7725
1586 5546
3046 5368
6869 1196
4423 5793
4059 3579
7609 6809
8023 538
1480 9694
5959 893
8510 5868
9403 25
4987 1962
3998 9448
197 6570
2208 2843
2569 8654
4026 9713
9107 9723
1527 2730
4786 8241
1234 4251
362 3063
3862 3564
3142 9525
1781 9337
1728 216
8060 8181
2145 4396
2485 4485
2512 1307
1582 938
6469 1660
9224 2839
9921 2982
2165 9611
2695 6275
6477 8773
2148 9387
1609 1355
3962 4053
8288 5679
8802 8354
551 5859
3153 8030
333 9163
6842 8556
1284 5320
8775 6317
3554 3916
3132 2196
3630 7276
7484 7967
7492 2440
8343 8313
1064 8436
3068 3344
2534 1239
4813 4699
8877 3420
7256 6088
6151 8203
7365 1901
6647 8552
1543 6550
3033 5476
8921 1600
3028 7982
3444 2310
1147 3845
3807 9828
7808 3553
4082 494
1040 134
91 3905
6939 1709
7380 7550
7813 9766
4338 4298
7430 121
8821 6005
9320 4986
1934 6739
9552 9672
688 6543
7716 4283
2916 7893
9499 1933
8285 4419
9794 9196
1455 6420
3297 3688
9664 718
8992 4094
9708 8719
2782 1053
4666 4834
5028 8448
8377 8237
6551 2776
5951 8280
7277 4335
4153 7526
3198 9766
7703 8921
979 6961
2320 1132
873 3352
1190 2259
6726 210
930 9277
3790 1930
9198 8929
9416 2388
601 5130
7580 2891
3883 9689
4749 8527
2984 3494
7187 6605
9259 7920
4874 7513
6695 4428
3420 5462
9625 247
7718 9568
5543 9824
8826 9818
3363 2173
7616 9118
3471 4893
6538 538
4115 3561
8238 8492
348 414
376 2695
8788 8229
3962 3760
3766 4289
3996 741
7758 6340
6947 6227
4391 1591
5856 753
6112 2523
5197 1653
2288 2700
9625 2909
9745 3695
3611 4563
6322 510
4338 5703
6915 2901
5694 8305
5875 6268
2249 4845
4177 9100
9089 2307
570 4698
6069 1897
3840 958
6317 4719
7931 4383
4305 7089
5991 7243
6246 8815
8503 5222
8153 8182
5611 329
1923 3103
1115 1167
7463 6238
8443 7334
4991 7549
7782 5138
2224 8203
7336 8345
2913 6729
6165 8336
1202 3694
7111 3767
2306 9308
2652 4334
9980 3294
5 7154
1416 8887
7164 6653
6924 1240
2443 9712
6243 2920
5109 1656
1424 2459
7330 9830
7583 490
8012 1273
8081 4399
5436 7361
9309 1604
5319 4264
8503 4168
791 9466
7862 5179
2772 334
24 2478
2233 3977
2088 9557
2570 3200
8922 779
7404 1812
7676 5398
4146 4462
9710 7062
9009 1244
5265 5947
3410 20
8183 4215
832 5411
8395 2377
7482 2961
7269 2516
864 1514
9857 4292
9435 3726
7836 9408
6766 1210
1195 6620
1804 6540
222 321
7736 2724
8168 5616
2545 5212
6204 1990
2944 1377
381 1079
659 1564
9732 4983
6505 5210
9180 9517
357 1076
8621 1579
5045 7336
9565 4942
1520 876
334 6510
2047 9059
9637 4944
8147 1323
9734 4467
6647 4400
4099 788
9633 365
4567 6732
5937 7001
1341 5184
8214 2373
9953 4609
6169 4577
8703 6796
3299 5864
9312 8084
5367 6280
3851 3076
7967 3844
2008 952
4 1615
9173 538
9809 5699
2530 2618
1168 6941
3547 7567
8216 4148
337 1089
433 8969
1890 5939
1840 9523
783 3609
3828 2643
5493 4337
1357 4994
50 9561
3613 401
2294 887
1500 8489
6991 2610
4940 8910
1129 3679
5013 2675
5289 992
2315 1621
1166 2499
5819 8084
7215 697
8464 344
6070 9207
6973 996
8012 3198
8665 791
2839 7214
9564 5604
216 7782
176 9725
6129 1257
3246 6439
3118 4777
9512 1609
774 4480
7419 1354
5307 5876
4879 2469
3218 5730
1949 3177
2653 2859
4522 9996
7347 9838
902 3196
663 3236
2733 7530
3978 9274
8874 1984
2630 9045
9161 1840
894 2217
2054 329
3067 4945
8837 8859
9189 9444
9564 248
4447 1202
6717 5345
8770 1213
4753 4012
270 8640
246 6407
5904 5539
4741 8298
9093 5073
6936 1513
631 4507
7764 353
2700 7418
3146 6104
1614 8364
1414 6009
4549 8468
6772 9341
6424 6776
222 1633
7766 2643
5371 2185
7852 3071
2353 7338
653 9623
8826 7684
6938 1760
2933 8
5949 8377
5165 5938
947 4532
8622 1275
5285 5023
9267 1958
7212 984
2560 9089
2577 3642
1495 9129
1793 6409
137 3077
2701 1370
7590 2855
930 6996
6326 7178
5620 8644
5845 8745
4254 3755
9496 9918
9094 4576
2153 9493
4539 4797
3671 275
104 161
7488 9534
8711 364
615 7445
7708 9368
8578 8533
2557 9096
7804 7966
2742 7528
7003 1023
4152 4990
2026 6503
1361 4653
8886 6918
6433 8438
7321 8237
6294 5391
3672 4324
5738 4230
4254 7003
8716 1642
9092 1320
6925 1110
837 8943
1430 5588
4459 9067
7560 1530
2204 2223
7031 9682
9581 9784
6249 9263
7292 6024
6110 6219
643 2803
7345 8851
7056 757
5711 3633
5058 582
1318 8322
3625 1740
1735 695
6492 6206
1219 2241
3311 1526
454 572
2784 3554
8258 8119
9391 2948
769 1140
7569 4541
3906 1158
9974 5109
8587 8921
9595 4425
9165 5455
4935 5733
7418 1574
6734 9099
9174 614
2664 8816
6151 5203
5577 8561
8469 1933
208 8524
1725 1320
789 9666
6318 5017
6521 4052
8307 542
2583 9532
3251 8118
2221 2405
7133 3350
4831 8093
3443 3094
9479 5726
4373 8228
9397 8782
5026 9248
9985 6737
9225 7438
324 6643
7689 2677
1803 144
4196 1719
7179 3512
1258 1864
8779 909
4032 5119
7332 1108
4938 9324
9725 1778
342 5590
5562 9586
9922 9085
9104 6332
3089 7543
8629 7133
1871 3798
4545 145
1004 9701
31 9879
948 5087
2338 3295
2981 1027
8086 5212
2976 7871
6452 7814
6786 5674
3263 6749
1931 243
9166 3665
7792 3750
4273 9596
3813 9707
8943 212
9102 9622
7590 6570
5346 9893
1381 3833
1512 2705
318 4645
4335 3037
1719 2290
2925 8146
1261 970
3639 2816
6553 9816
6951 5226
395 9329
485 6770
8498 2140
6507 9175
3806 8579
923 6877
9290 8586
3266 9491
2895 6405
2167 3292
3220 9429
9800 9955
7279 7471
916 8494
9708 1214
4682 242
9198 8024
9222 1732
6674 8969
1887 1842
5374 6610
4302 8143
3066 3670
2380 8980
5261 6426
1277 6256
8644 6015
2038 4787
2602 8155
1187 7199
3227 5527
1022 1134
1478 1419
1342 5498
6201 210
9340 8061
6654 2505
6570 7156
415 5810
6138 4554
9068 989
5317 456
5238 5315
2769 1369
6229 2922
8749 9672
1315 4178
9469 1792
3383 5348
9699 1856
3192 5092
936 7101
5718 5973
7247 9559
2686 2521
3725 4172
4472 2765
7623 8108
4125 5803
7397 1050
4698 9724
7947 7070
9935 4725
6184 2804
5508 2203
1860 7228
7087 6842
757 9033
1814 7851
3490 2402
1101 4449
8616 7266
3452 9286
1748 2887
9178 6049
6491 7872
2010 9112
3137 6106
3364 9780
725 4064
4261 1292
9650 4581
7519 3840
8637 1738
3256 3099
8170 6284
3842 1720
7736 2764
8910 4586
1558 1753
883 6976
4286 7404
6124 6202
1199 3583
6826 7790
7721 8062
9774 6116
5845 9911
9221 8412
3140 7112
3836 1868
6456 148
5232 6249
1503 1697
5005 5008
5217 909
2186 2494
3975 1381
9357 1540
9134 5640
2348 4768
6533 1547
2168 4370
8603 7799
2254 3255
6614 6071
9228 3338
4536 6476
751 9482
5568 3185
4807 1184
6177 5452
7424 7054
6858 8640
347 1703
756 3359
1476 9158
5754 7498
4570 608
1774 4324
5540 7329
3387 3915
9253 9203
4248 9671
142 586
8185 835
628 1696
5677 5829
813 5537
1461 1390
1242 3527
4272 4967
7314 1017
1851 7162
4842 6425
9853 2538
9358 3459
3959 4387
1912 2233
4801 7691
7905 7843
4249 9889
9205 3679
1232 3510
5351 6349
6599 2957
6324 8071
1030 2033
8090 5100
1267 1037
897 1591
4738 1747
8481 6649
3517 8316
5053 5688
5355 6835
7028 9472
5560 7870
3849 9963
5050 3754
5903 7583
7773 3965
8624 4666
47 3525
5834 6317
116 9123
7910 2720
9880 5264
9329 7133
2260 9160
548 3272
3037 7728
6838 871
443 1766
277 8193
8441 1597
1018 5953
4125 2309
6712 9639
7020 6231
8267 3882
7753 1123
6378 6059
8757 4300
6915 7759
1595 3807
237 9721
3167 8874
4854 248
576 4039
9234 7908
3956 2960
6850 9839
5620 9079
1245 5554
8936 2687
3085 3978
7114 5333
5898 5361
4326 8332
8246 5105
432 6822
3793 3985
4975 9218
7820 9737
9849 7557
9428 214
5709 727
3212 1457
5784 8222
8696 2340
4623 3636
4696 7957
1625 2680
3511 3520
7398 6122
6242 6519
6293 4549
5760 7004
6459 8544
1918 4484
6647 6094
856 4169
6713 2311
7825 2427
3856 8784
809 1398
2060 3409
8218 6965
5208 6256
2693 5800
8468 2570
71 9258
599 1122
6764 2694
6920 9940
62 1673
3524 390
6045 6962
2402 3653
1255 7140
9511 8077
3561 8963
8052 6991
5583 5516
3746 1937
5548 2108
1630 949
2306 7567
8393 8878
1631 73
2664 9341
8236 3957
9337 5038
3796 4246
1346 983
5323 1081
6275 7763
7116 5019
9947 3123
1845 2740
4333 1408
2434 9616
5094 4771
2202 9177
3002 7802
3180 837
3998 8879
3917 4934
3473 2638
2883 2959
4136 8730
1029 1841
9162 8991
427 9211
6550 4882
7030 7780
7483 5211
7096 8468
4995 5267
2757 9417
5563 3758
5103 5361
3120 2616
7719 4866
4994 3492
5747 5296
5572 63
4479 947
1108 7394
6584 636
8082 4520
9239 1116
8211 4126
2958 9102
2104 4373
5519 316
7119 4245
8486 3864
5553 5553
3791 5220
2452 8192
2312 8152
9757 3938
3539 1703
4580 2641
1268 9378
2583 1958
2698 9598
7184 789
2324 359
8273 488
6446 5678
4608 3931
8228 1890
9391 646
6708 7335
7289 9986
1447 2245
600 7654
2177 1212
3822 9458
9857 9825
7117 4325
2228 722
8665 4033
7208 1119
3020 1214
9260 2391
6246 836
1841 4629
1340 962
9798 5112
3200 6096
8863 1820
1279 2792
6922 8580
9791 1079
8109 7515
315 1054
5341 9134
1902 346
8554 6069
6446 9018
8446 7441
170 9005
5423 1350
1736 8480
4256 4760
4293 2105
1909 2123
7793 2684
8237 5861
1539 9755
5555 4806
4570 2088
7801 8889
4418 4193
5936 1396
2499 8120
9766 3425
436 1447
154 355
7768 5113
9744 5191
8321 4873
295 4302
4848 8947
7889 2056
3202 3190
9903 1709
964 1119
1062 2560
5094 8960
875 7349
4312 505
4248 5009
3694 1638
7731 6699
2518 4038
2414 4510
3608 8950
6873 1917
9103 8800
3525 2612
6306 9700
9723 199
2305 834
9833 4918
4297 9968
1991 8661
2966 5263
3959 5034
4028 887
2134 7603
8898 3870
1672 8810
1254 6669
3415 8105
6960 9045
9556 5366
3325 481
2382 1611
4272 5440
7352 2058
455 4218
6017 4586
7941 5362
5964 7656
669 4068
1556 1976
8173 4601
1510 471
5389 9037
9750 7688
1271 7902
2318 3011
1921 5898
2361 5556
828 4998
7220 3571
7969 2976
6492 8143
495 9661
5545 2571
2869 4879
5454 9429
3520 3486
8074 2407
4164 7114
4348 5278
4140 5592
9260 3518
1974 4033
9839 9216
5467 8379
4697 229
1719 2554
1548 5774
5219 5225
7055 2862
1484 3088
7942 887
2012 5156
1759 1076
7531 1314
5294 8948
2231 3200
186 7215
9729 6593
9549 3521
6940 9762
6942 6173
525 3527
1928 1261
6026 7840
5611 3770
3246 1255
8174 5712
8375 6808
7430 5620
588 4453
3099 5193
3615 7491
8234 3384
2782 4340
6867 9128
4043 1227
4530 7163
3627 3142
4185 9524
3813 6430
6294 996
1873 2449
3352 3170
9227 8155
6178 5309
2459 9457
8598 734
3958 4093
365 3292
8567 5641
8480 8292
9433 9884
4365 8689
9389 8997
101 4395
3893 3361
9938 5077
2259 7595
9141 2654
586 7291
4974 2394
7635 9805
2117 7341
5684 7227
9082 1991
7003 7739
9191 5000
4550 9928
2594 8525
8183 5340
5704 8050
5395 5374
4972 8138
3148 9852
3753 5383
9247 8228
3313 4152
6711 354
1300 6560
1403 6220
2449 1616
2775 309
939 5914
1106 547
9377 6729
7394 250
9989 8115
8501 8633
9364 6157
1030 8872
8400 9732
3741 6121
3810 2646
8841 729
6238 12
2910 3238
1523 6444
10 6891
9328 3583
2152 6791
2187 926
1273 4826
1616 4449
7824 5177
7830 8737
1780 4630
1658 2338
2511 9265
7100 6107
5823 2094
6174 8593
870 2363
8787 586
3215 5646
6147 2838
6085 5244
4498 9252
9631 5572
1952 827
2319 7027
8907 4836
4708 3243
155 6552
5415 4273
5146 5173
4033 5907
9222 3027
1285 5126
9728 8154
5619 6022
3980 6080
1388 7110
2630 4894
2216 120
5247 1417
1923 7329
6505 2926
3043 7541
240 914
7888 8447
5681 1619
4434 6427
2822 6337
95 4123
6646 6853
1377 2271
9553 2870
5662 5445
6877 5831
2407 7992
6590 1609
2280 1172
2825 7869
9069 8376
3902 285
7024 6747
3163 768
6709 4726
5416 2873
7339 5782
3422 9755
3802 9018
4109 1882
653 5534
4404 9739
8112 9515
967 1241
9335 6239
7237 5176
2526 4849
1045 9224
130 7051
8938 2975
1438 1460
8927 648
477 9489
2601 1588
4216 5445
8572 9897
1934 4873
4372 4456
6957 9341
9990 4523
1291 631
5954 6176
886 7536
3997 1048
2034 2022
4939 2240
6744 8494
7897 2403
1898 2666
5252 7632
6538 6646
4120 4469
8793 4572
9364 9219
238 193
6468 3363
3453 2734
3371 9715
5757 5732
5652 7929
1179 5838
4833 7489
4504 6137
370 9856
1170 9628
7922 8643
3899 8162
7091 1723
8080 5502
9395 7483
1402 5314
8891 8632
3786 2893
2108 8940
3993 1562
2894 2259
4356 4341
8500 7880
1018 6578
1316 6504
8417 9692
9066 2484
5582 2814
3938 3250
3928 4175
708 6443
5963 8958
4102 719
724 8668
1539 8778
9207 8690
3675 4171
6598 8019
1904 4017
9076 7622
3683 8858
6664 6489
5406 6577
840 8630
6587 2247
1337 124
2007 6008
2803 3393
5315 7780
7479 2982
532 7144
4513 1506
6303 1895
8153 5231
4156 2393
512 4421
7006 8793
7065 438
5110 4881
4643 7804
8462 149
3559 8438
3222 6401
1245 3584
7042 8636
1097 7847
4184 9298
6542 5046
4689 6675
3671 674
4191 2669
4432 5818
8914 6553
5767 1253
4568 1468
4454 5040
5346 7700
219 7250
9216 6305
7930 6654
4190 1949
9536 6914
8369 653
6572 6085
2838 3501
5292 1327
5576 9084
8976 4498
5689 4671
923 1109
5196 6489
824 172
9407 222
3309 8667
8984 5955
8931 2744
6377 6928
2449 4883
9761 6058
5245 8373
5479 3750
3799 17
954 6457
4292 6075
8855 1658
5475 516
5512 9962
464 8931
4498 99
3421 2079
3430 5918
2589 2629
3131 5039
3091 7314
2825 9424
5936 6449
918 3180
332 7290
6350 8846
4159 4375
8431 8723
2973 5313
1505 3388
1929 1111
1242 9117
5275 989
6457 5973
8446 1042
631 956
6635 7335
5769 2387
2573 5114
7299 8710
4160 1857
1708 938
7697 3485
5147 4300
5807 8369
5746 8140
4257 4562
5941 4226
2117 5323
5174 4440
4824 7183
3308 666
5084 9895
5650 2756
9574 9823
6698 1288
6999 8952
257 7672
7841 3142
2101 3790
3194 6441
7075 8869
946 1192
1402 3846
1260 2038
2741 9876
9942 8569
7075 5453
6599 369
6170 5560
634 4874
2718 1270
6573 6401
2080 2142
3788 5624
838 9786
7967 493
4025 598
6008 3425
5557 6081
6053 9960
5058 9286
3489 3057
2016 5576
7075 2595
7413 5223
5103 9543
5914 1110
3594 4802
2567 4063
2171 5763
1744 2702
1737 1304
609 2090
1023 834
773 9208
7669 549
4905 5052
6397 5464
5931 8045
7564 3776
5333 492
794 7944
2458 9908
515 5653
9388 7268
4663 9101
1243 4286
5178 7459
2417 911
8132 8740
9977 2076
2742 334
8080 2508
5098 8942
8875 9499
884 7871
4001 7652
8091 5490
5461 7963
3868 2310
708 1934
9924 5750
2533 8938
2847 315
9287 4036
559 7373
6577 3733
3311 64
3348 1519
1664 595
6493 9552
7206 1359
1833 7430
2146 1134
7151 2779
7512 8480
736 978
3961 9638
7861 9168
9166 6209
1996 7450
3883 2913
222 4568
3072 7388
9193 9903
6683 2409
8838 1276
9482 9976
8090 4507
845 3514
32 1622
8848 4480
8006 7143
3975 3833
3884 7706
5435 6310
399 3941
3808 8071
2595 5846
2622 1946
5477 1874
888 5234
671 8843
64 9507
8575 7786
3261 7618
5855 7388
5433 9449
9861 1451
2088 6203
3152 2820
9639 1091
6041 9874
805 1871
2283 7726
5142 7063
4436 558
2129 9502
8001 2678
1873 1576
9539 9450
3774 7870
9583 6167
9366 504
106 6020
5053 9573
5868 4959
2358 3209
6733 7133
7962 2878
1169 7788
3620 8246
4623 6561
5499 4604
1026 601
3163 6563
4195 9659
3598 5053
7278 3287
6129 3814
8690 9311
1748 5335
1808 2220
6406 8318
7373 7748
8810 7178
1149 8269
379 3025
4806 8919
8359 8847
1598 8226
1229 2033
4588 8905
5235 4153
9640 3822
5675 4471
6547 2633
2561 6561
9078 9705
688 1099
6867 5849
9939 3152
7122 8102
7223 3555
9230 8732
2847 632
9346 6035
3874 3054
5516 4240
4784 2435
9740 7269
9180 9674
8202 5308
7164 835
5657 8720
6408 3863
8309 7268
7474 501
6032 138
8076 8123
7069 3270
6941 3888
1392 3200
2594 5600
3289 4890
2693 8948
8949 3751
7407 2256
1850 3002
8937 4728
7245 4626
7436 4662
9924 6579
684 2342
4132 3123
9356 6722
2590 417
7424 3264
4682 7311
4695 2739
2555 4129
3661 2890
3878 427
2483 8381
7713 2684
7521 5563
5673 6611
6423 6757
4252 3648
958 8457
2671 4095
8149 7533
6131 4007
8258 6546
4413 9749
9287 7244
103 7849
1141 2704
8685 3957
92 4998
5559 3653
3310 6860
1602 6697
2612 3253
5771 6986
9516 8264
3942 9085
8042 6488
3473 875
9802 7297
8086 5236
513 8104
8539 3075
6698 7861
2904 3469
2294 9634
8726 185
141 6093
5488 3372
2817 8857
7519 9030
7403 6684
6126 310
9147 5386
524 786
9239 4001
2852 4784
1179 4692
7744 4037
5355 3241
1894 8900
9055 5422
3740 1872
117 6218
6533 2603
3342 3926
1447 4660
6294 4863
5783 3873
3252 4840
9718 9972
5374 7957
5306 4207
7182 6241
306 6546
4068 9090
4452 3682
7815 6274
1541 993
9377 9069
3676 4162
4378 5315
5778 5588
9736 1342
1954 5336
4452 3644
4900 7545
3987 2633
9269 2027
1858 121
1964 4243
8782 9136
5956 1670
6062 9265
9292 1486
6597 7991
4658 2753
2529 6150
1456 2885
7678 3230
8937 3917
7715 4946
7283 5778
3261 9549
2028 7672
2530 4298
4985 8851
7564 2024
2794 2802
7855 3254
6311 5778
3525 1034
6267 224
204 6381
5370 4561
440 9988
5811 3723
624 2854
410 3466
2384 573
5379 6953
6444 7558
490 8031
5959 3750
1704 5839
2736 5202
3194 6004
7667 5177
7879 9432
3690 938
9580 8123
9189 2422
9686 8704
8742 8360
7662 5013
7421 6100
6505 7794
7597 7155
6630 5845
6439 8541
2155 8050
2344 8898
8444 57
9791 5441
6504 913
5945 5465
3650 5936
8059 4041
5759 1078
1247 247
2881 6389
5249 6591
7402 6653
2637 8267
5664 2542
863 3336
5991 1718
1558 7173
2944 9396
7162 2224
9403 2660
6787 4496
7690 9692
2365 1403
1702 308
6400 1428
6313 2510
6290 6643
5677 6599
7571 1351
1279 2929
8173 4269
9609 9
4244 78
4404 6893
3325 6436
3498 9371
3431 6602
9814 7615
5812 1529
5035 3122
8728 1928
4399 6603
9100 2986
7058 1785
9114 4666
7324 3162
1137 7463
4091 4124
3703 7083
964 2358
7479 6804
5444 7061
1605 3695
9975 1972
5968 4925
6155 2331
5064 2904
4252 9311
6898 9403
8756 6988
3553 4135
6285 1412
923 9461
8790 7392
1098 7621
2942 6634
5873 4194
5512 9640
5925 9782
260 6731
2927 8392
3487 1371
9786 4553
5898 4395
6095 5998
4051 4810
1334 7114
681 7285
3885 6752
5782 5418
5832 7964
6914 9211
3363 4991
3739 5397
4041 6657
7394 5186
7498 6128
5276 528
915 3577
5394 4208
6226 8353
6473 6423
595 3089
9600 4685
9169 7892
4554 3509
4411 8554
7273 8630
5119 5339
8480 3912
1494 8346
587 3101
6877 9403
5631 4499
6406 3906
2447 7006
1787 8057
4863 131
7278 4734
5025 653
9114 1260
5231 3921
1730 811
4792 3386
9777 4435
4719 3947
3718 279
5494 423
3551 2993
2324 1942
3898 5759
846 292
4996 9580
8512 4108
4698 8766
2045 4672
7155 9085
8443 5834
3363 5584
8281 2348
7737 5916
1509 9698
7521 140
3825 224
8731 1972
9400 6443
4271 92
9519 1941
8254 1370
2214 5763
8733 7855
1563 5090
6852 2884
9629 9971
9479 1791
2238 2569
5096 2023
8868 4006
901 1381
4435 4996
4882 1481
6301 7974
7198 4423
5406 5174
8005 667
8106 9481
6615 9401
2532 4148
8641 3527
4955 9544
2553 2679
4679 7684
3268 5806
1232 9125
5224 5332
1551 1542
1818 9869
5433 7421
3795 69
8132 5531
6711 2500
8101 7679
7633 2772
127 4382
554 6251
2372 7172
7055 4191
8694 675
8297 6429
8456 5569
1346 8453
4624 5529
7551 4716
7417 2788
3191 2027
1993 1829
2556 9558
876 5804
6667 3388
5675 495
4752 8984
2213 195
8377 6137
2306 2214
8202 9789
8015 1747
6905 738
3818 2928
3356 311
7695 6095
3288 4894
7523 5642
6248 8009
212 7142
2694 5993
6930 1528
1692 5056
927 1983
7740 5996
1985 8470
465 2038
9898 3472
7647 1182
3857 5241
463 5008
4361 8331
8560 5428
2042 2079
1345 8056
5928 1595
1549 7562
1233 4515
2613 9451
7735 6672
8878 2411
1343 7850
5763 3736
6689 6442
2303 8884
4209 4176
5803 7747
5390 7497
1486 4938
4025 6723
3498 6823
5753 2119
2796 5823
5673 7545
5242 1462
6886 4419
810 6007
3624 9436
2975 7797
2366 3572
9655 7544
548 5069
3564 9883
4635 4533
5607 2765
5989 6122
4203 4764
4371 7906
5441 7388
2455 8045
4885 3532
8391 153
3790 8688
5626 4995
3201 3615
2474 3833
6407 4028
5193 4450
1808 1531
6813 6918
7666 4546
3082 5942
4149 1735
6699 1946
8010 971
8854 5083
3271 2335
9881 8222
1523 4203
3293 7859
8617 7339
63 3769
8344 9040
1658 9340
5246 5715
6551 5265
2822 8603
6973 1930
5785 6697
6825 9639
384 9441
516 7376
7355 4644
1052 5451
59 271
8378 7735
7199 3645
9641 8641
2837 4527
746 6427
2655 5815
843 3249
4740 527
2742 3060
148 4496
5528 5952
6963 4806
6903 7235
7848 2014
9695 2692
9156 2980
9329 4368
1545 6023
1507 8700
7299 8755
9657 6838
3836 283
392 9593
7847 205
7012 5235
6297 9619
6729 1866
8208 2599
124 8331
7916 8799
9296 2226
6035 9753
6189 3949
1676 6515
499 3773
7443 3105
5123 6376
8050 5101
8348 7522
8205 6432
5259 6253
5871 745
9705 8406
2122 1524
5542 7966
9319 601
43 1668
770 9631
4842 3899
8136 8307
7351 1235
6541 7943
3814 7318
4276 7520
9530 6249
8282 6506
8625 3833
3664 5025
3956 8017
4037 127
4367 1189
6449 940
9664 1519
1561 1305
5248 7222
7715 3848
171 9089
270 48
8021 7429
9833 7221
6165 1303
1177 8110
5920 868
3462 501
669 4563
8078 5633
7075 5631
4610 935
1347 4611
3527 3002
2973 9399
8414 4384
8438 5381
4971 8352
5832 4336
477 7598
6004 1964
1217 5784
6622 1580
703 7817
4395 4214
6545 5659
9835 1330
3342 4244
9366 1016
1860 420
3810 9059
9080 8860
7510 5921
3800 4606
7393 1818
1062 7285
5363 1623
7551 1241
1889 4954
8974 2769
8060 2108
1835 6802
5848 5094
945 9370
7827 5453
8544 5369
5508 5030
6490 9414
4364 9812
8793 525
9770 2663
6449 3884
4965 3191
3849 8838
1788 9093
7007 4221
8985 7219
4860 9668
5437 5914
4600 7913
2925 5362
5172 1072
7898 881
1473 2846
6257 8182
2619 9267
9844 8850
1478 2479
1917 2635
4935 5869
3617 7246
664 9250
4000 930
8278 8208
3373 538
8448 8213
4656 1525
7638 245
890 2659
8550 7063
3877 7201
2167 3060
7256 1629
6432 3743
8099 8124
1746 7346
3991 2295
5572 5925
2212 190
8611 3850
5193 7747
4580 4215
9479 3904
3554 5736
4436 2903
6748 5230
3156 5060
264 3196
3721 6362
8033 7731
8337 637
5190 2744
1334 9419
9898 7268
8955 8208
5550 5431
4916 5915
9801 7702
7739 1288
8207 419
7792 7022
3579 5344
7406 2751
5626 5428
5144 5979
387 5643
7051 823
2259 1141
5422 375
3479 6626
1637 991
6873 2036
9077 3443
2047 8751
1077 7883
3799 1108
752 5435
6372 1484
200 8301
2183 6851
9821 7231
6991 9865
7384 2077
2952 7459
9838 4815
5473 705
8772 1366
8524 2772
1395 1163
8330 6609
8380 9500
9266 5732
1184 5350
325 2870
9965 9578
268 9231
8380 3376
6183 2569
1247 8757
8794 9796
8786 3547
2004 368
9536 2252
1697 7181
544 6396
4842 2230
9781 1188
2785 8124
2316 4837
4297 2111
3864 8604
583 6394
6282 7754
8742 5132
7173 2696
8773 2324
7308 5477
7350 9888
3415 5492
2541 3841
698 314
9600 9266
5405 5885
4700 2574
672 5900
137 80
2646 8711
4110 2849
1264 5399
9439 6654
2418 1817
3348 2617
7205 2608
612 3044
5869 2545
4215 5776
358 9560
1572 1621
1116 2615
3578 3459
9172 9935
5102 725
1403 8775
565 2595
8228 4041
7393 7761
8827 8543
698 5666
7422 9865
7433 4728
7803 8056
2491 9164
7839 6779
4805 5793
630 9616
5854 4686
356 1091
9492 9852
3007 2546
8559 6443
8944 3601
4754 2629
6996 797
3977 2270
6405 7317
6423 8393
7534 8141
2804 7836
3724 1283
3245 3445
3492 6985
6891 9360
2987 5020
5997 6493
653 676
4966 9616
2150 4591
9610 4311
5905 9538
2513 4722
1567 1420
2974 4698
2260 5481
1996 9306
8519 279
6265 841
7793 8639
367 6964
7668 5100
415 860
7898 3406
1021 8186
997 5395
9505 6521
482 2904
2600 1112
1133 8783
9581 6469
4253 9534
3921 5559
612 1781
4734 9730
4543 9521
944 6092
7176 846
2699 3323
8395 6877
2054 331
2245 4046
1979 1250
4912 581
2694 916
4949 7947
5351 2263
1404 7694
1195 7472
6703 1494
7718 4919
7651 396
1352 235
8520 3475
1681 7231
6368 4108
3176 6835
8719 624
5685 9362
248 4958
5885 2134
4884 7654
603 3552
3985 688
887 2641
66 2927
1965 3322
1549 57
5825 7812
8563 9928
5917 5974
1308 1910
1755 4719
9026 3960
2754 6481
8658 4132
3666 6058
9621 5657
8697 3008
2299 4659
8280 4917
328 4020
283 7532
7843 4104
2879 5129
6937 4335
7757 4574
296 253
5501 3026
5909 1794
6409 6374
6923 5297
5820 3337
3679 1253
5398 7021
2327 4455
5673 2677
9854 2472
691 7088
6847 5634
4331 9354
8555 4193
1587 9723
1946 959
9048 4489
875 6002
413 7271
5659 2179
1568 8218
4194 8010
7437 5573
9983 626
8963 5337
6627 2136
5218 4631
5899 1802
885 6434
3305 7385
4657 159
3536 5838
6129 6988
2441 9628
7634 7060
8630 1403
9805 694
2843 175
7015 2274
7065 7069
662 6745
1305 7578
5525 3573
5171 1663
6604 5425
3075 543
8653 5814
1979 3712
1022 2027
6147 1134
108 2628
1407 3363
2735 3148
1818 9220
5482 2093
1389 7987
116 8279
6686 5237
4388 2094
490 1002
3556 4933
4279 577
3729 2700
9490 617
8296 7936
9638 3262
7154 8568
5430 8451
2763 3970
2810 4130
6373 3840
4556 2648
7254 6564
1067 8632
4545 5691
5702 9679
5833 3518
8649 1283
6603 5976
2210 4189
4371 2456
7764 6329
811 2156
1161 5503
8868 1101
1240 8106
5657 692
8037 8504
755 3111
8356 5843
5049 5309
9248 4769
92 4144
4092 7620
3814 8999
5 3125
3050 9455
2138 7085
4160 7341
5088 4229
7962 8974
9562 8809
6175 5525
9127 8378
4077 7499
8536 4249
3141 101
3074 3105
6840 8659
4829 4433
2346 4561
4178 7256
497 2432
3729 9923
2974 9612
3192 4530
2342 7505
5312 3376
9859 3441
3855 3326
802 2240
6222 8121
3796 329
6473 6324
1535 2857
1359 9891
3523 6160
3444 2292
249 3853
4696 5185
743 3270
4510 1461
4182 9398
2783 1400
9566 9291
7677 2555
9014 4149
8480 7570
4827 9468
2205 8295
4808 775
6907 5856
3463 6064
4927 3051
8945 747
3296 1651
6015 2432
1718 1803
1392 643
6370 9590
7235 1693
5081 7510
906 8112
4504 601
8818 1126
4982 3214
8281 8502
5224 4221
4219 2575
1929 191
2843 6480
7579 8711
578 2497
7639 6894
819 9706
1755 6905
3957 5659
2608 2314
3356 448
5481 5402
9320 6114
3920 9343
2053 7507
972 9234
238 3596
765 478
267 4552
8882 8953
7757 8549
1701 3961
8301 5656
1434 833
7855 1464
256 2487
7391 6007
1815 6185
5875 9507
7796 3646
5406 4963
5602 9334
6161 8598
2535 3272
1543 5903
3777 4005
671 119
7616 6783
4560 97
6869 2358
8873 9701
7156 3929
4323 7519
7911 20
9893 5411
4991 795
109 3947
3839 1354
5248 1143
9790 6663
3471 7655
8276 6956
4654 5363
4342 7418
1324 5446
6088 9773
8032 1105
7551 8015
5529 6938
7902 8480
5882 2344
7191 6107
2772 6775
5185 3482
4872 6089
8897 4123
5697 5833
6505 3875
6622 1935
897 3926
5696 1618
4596 6077
8602 2659
8345 7827
8819 288
4156 7136
6791 2580
9336 1957
7640 3411
7640 6905
5785 6180
7352 1721
6018 3862
3491 311
6262 721
3939 8958
6967 6921
7933 3972
8047 2857
842 2203
7837 9312
589 2997
3733 2997
2974 875
2907 7746
2808 2436
4688 7156
7161 4188
7631 7456
6837 2692
3073 1642
527 8665
2691 3575
9435 7402
44 7827
1614 8694
6911 7871
2824 3143
8471 2777
9396 5761
3248 4916
464 5620
4444 5688
4058 1878
422 5513
3732 824
7427 274
3368 995
8978 4723
9011 6135
4144 7755
8231 6784
1872 1409
3569 1683
3911 4540
9327 1780
9554 9806
4060 590
5534 6054
3587 5269
649 9202
4911 3595
4413 4217
1798 9770
4638 7122
3496 6088
3478 8191
2028 4375
2784 6571
9226 405
4611 7593
1360 2164
6714 69
6569 1457
9659 2667
8286 9928
7760 4793
7935 8752
4579 6525
8502 3000
1554 713
6047 6774
5338 684
3794 2025
3338 3991
3522 6067
2090 986
4387 9188
2571 8090
2215 9051
6265 8958
8895 2081
9046 258
5037 4697
4348 2247
8070 895
5741 1285
8013 7990
7281 8738
4267 9801
3596 4628
4764 6347
4587 3672
9896 2958
6363 5724
3070 7377
7264 1566
342 2242
3292 1045
136 7408
8065 6259
8470 7754
5081 4562
9948 3863
1960 6733
1721 1033
562 5849
511 8872
8256 7539
2676 280
7289 5482
6904 1900
4588 4518
4259 7430
8011 4488
486 1931
9826 2599
824 8070
2705 5744
1784 4773
6478 7408
9809 4947
2109 6439
1047 654
8890 7260
1421 8525
5527 1515
5938 5347
5454 94
843 8980
9413 7139
9257 3463
3017 9071
2756 1946
7476 343
9210 9861
9910 5807
5207 3917
5055 2660
3694 492
3505 9288
5197 5393
4119 1078
6901 9069
8933 1875
3483 2
4164 6465
2855 9879
1905 8524
5596 5803
700 2209
8203 4134
6346 5049
166 8356
4773 4238
8155 3407
4652 1168
1055 1382
15 3793
8714 5153
956 7309
7733 523
8565 8696
4558 9329
8038 1600
2800 3004
2305 5902
3174 7091
7269 6655
9471 2994
6144 3042
6534 6855
213 7117
384 470
8128 3564
9605 8421
5974 8027
2356 1046
5588 636
2920 8140
6887 3179
3982 1233
6650 9124
4298 3335
7004 1848
5814 5742
2190 9896
4960 8175
8390 5055
6160 6991
8803 8698
162 8419
4320 8174
1437 2564
9847 4429
6725 9640
3722 1425
7815 4482
1833 434
867 7979
6437 3217
3924 9365
194 4555
3669 3845
9359 884
7256 3925
8072 9041
5698 3602
516 3672
740 7289
8308 7819
8577 2017
2732 1098
97 9799
4280 6071
9942 1865
4558 5783
7270 1460
8789 3668
1753 2213
9147 8606
8118 1524
9737 9382
2327 8735
8714 7712
2149 1554
8418 6671
4095 4661
3110 2730
7875 3505
958 5849
3838 3773
6480 5525
1314 504
2024 5374
8389 2322
1453 584
3446 7569
2297 3321
6200 3135
2378 8762
1783 2679
1482 9847
6092 7792
9231 501
3127 4709
5920 8672
3845 9605
3361 5702
198 1271
6163 5856
5507 4114
15 1309
8798 3971
501 4299
4050 1233
3050 6899
7586 9712
4649 2270
1603 9878
1082 418
795 2973
7710 2114
3721 3006
8576 513
2608 3768
7096 5011
5742 8350
3402 5539
8625 3044
4161 2076
9182 9623
2992 8713
4043 25
4814 2098
1591 2383
3663 6788
194 3217
282 862
9233 7455
8803 84
5208 9083
1049 9186
7522 929
3075 2413
4451 3665
9525 3026
8443 8386
3424 5985
4005 875
2629 9207
8650 5330
9276 913
3670 4128
1396 1392
6053 7068
9690 8663
1006 9393
601 5414
1279 8147
3615 3666
545 3101
1431 1407
1858 598
8051 2721
2995 3891
3896 9829
9332 3209
4153 3270
9621 1191
7471 6075
1289 860
151 5090
3730 9994
3692 8533
8540 4071
3681 3029
638 8662
6052 8692
9125 9582
6156 4474
7679 7925
1810 2225
4639 3121
9366 407
1570 6103
8048 967
7389 4587
5617 70
5662 9602
5702 5640
2612 7118
6099 7043
7662 2942
4066 7262
907 7557
3437 6971
9038 6482
3587 3709
9582 7767
5069 2288
6744 296
5567 4076
628 9171
1586 665
8398 3433
4906 4440
9724 2062
2603 1811
7628 9933
1754 840
9383 7070
2614 1996
1276 1518
7685 3041
3395 5658
8896 5686
5427 6401
7691 8084
3637 3367
9418 571
1719 5883
8436 8102
7022 9469
1958 3288
9247 2873
7611 2258
3850 4408
9004 4591
5955 58
8930 8725
8470 7873
9254 9614
2488 5721
1425 378
1839 975
6498 6863
9898 4616
1484 4094
1478 7442
5062 761
9167 2569
3112 3559
8179 1316
5221 6064
7385 9748
1905 38
2763 8152
3278 3631
4077 164
8840 3584
3793 1342
5534 9510
4980 2745
5911 4637
5782 5697
4612 5849
2727 4477
2685 392
9101 5436
8025 9338
7038 6366
4461 6185
2587 8984
1637 5305
7569 361
6169 4907
8393 3926
6496 2429
8304 3388
1485 9425
9960 7141
3078 7092
554 8566
1064 7287
2424 7201
4512 7528
7330 3224
4626 3712
6670 321
5512 5368
8238 2532
7823 9285
2092 478
512 7992
5293 515
2725 2393
9805 1346
1274 2966
6811 3359
1824 2570
1926 2767
3479 3049
325 8295
6155 554
1679 522
7070 6306
6044 549
5934 655
5590 3789
2155 4434
8673 3144
6902 523
3271 9133
1854 1407
2297 1063
3717 9610
3542 4275
9489 9738
4231 2105
8639 4016
5279 8495
1139 9981
2326 7914
5504 314
649 5767
4604 4926
9853 8766
5543 1599
2874 8111
9361 173
837 3944
8202 8497
7411 6663
185 8019
2358 5149
667 7038
8750 7533
9584 4467
8089 8150
1203 6527
7069 5787
8060 5864
5604 6080
4912 3036
2940 8585
8122 9062
7063 4996
8329 1813
9980 4178
6967 3912
562 9522
9108 7284
3620 9542
305 9168
9516 8377
8914 5283
9090 4524
3597 6245
4197 3933
4490 1658
2719 8132
9199 7292
1135 9268
7692 1311
6877 1117
1368 91
5146 6491
786 2145
9722 2039
8741 5281
7385 6395
3844 9401
5511 8817
5867 8596
5644 5038
8963 5331
6624 4706
7257 3031
9353 9534
3299 8769
750 9108
394 6491
2122 3408
6620 8381
5206 7967
37 6026
4797 1121
8237 706
4944 4853
4570 594
8075 3903
8333 9340
6732 9354
3968 9371
5967 3119
5942 4539
9471 6995
6938 6658
4795 9870
9176 2283
4508 4811
5404 1644
2111 4407
5435 6367
1539 5468
5462 7217
3620 3959
8426 623
1423 4169
6346 5104
9872 4099
5846 39
974 5054
2220 759
2205 9788
9365 1689
3609 8909
3406 9954
1651 9526
5900 956
396 775
2722 4622
5363 164
1697 1980
8056 2401
4574 3438
1151 6386
20 1379
6590 246
1296 2868
3040 8273
2871 5596
4143 9197
5619 5412
323 142
1263 9789
4950 5486
4317 4711
3039 5684
6219 2044
8927 1898
963 5765
6276 2849
4556 6237
4573 7915
148 2017
4005 9216
3554 642
2954 3630
6414 1531
5074 4839
4870 286
225 3208
187 4627
6640 9
6675 4941
3130 8729
572 8122
9579 596
740 9958
5431 4199
845 4617
1115 2956
9488 3800
6506 1250
5955 7589
9344 4842
8677 7186
1178 6207
4528 3811
4972 4974
1874 2842
3158 4505
9182 1175
6841 8067
6666 2680
4522 204
585 8759
8413 8007
7702 8920
5562 293
3450 5970
2091 9685
5390 3057
2905 7998
719 7078
8738 1099
7106 9456
7615 8180
9517 2450
6083 1548
1205 1049
6383 6061
659 6915
6618 9383
7845 6691
5279 3523
8958 8971
2480 6131
2665 4696
4210 6931
8633 279
7384 384
6348 2538
9650 3595
3707 7520
8200 3840
5651 1382
8898 4348
2920 4706
6216 3976
7711 3530
1226 1426
7278 5094
1699 142
7849 6648
1122 5603
9547 6351
4985 8621
5104 3952
4374 7653
5891 176
1081 9108
6285 6552
7683 9583
634 1044
5402 8248
6295 4628
1777 5014
4098 1480
7244 8554
6899 8191
5925 2451
3273 7968
1332 3374
9336 9529
6843 2064
3839 5464
1648 3552
2652 9973
8672 9939
5136 1354
5010 1166
2958 3498
4998 2071
9965 6928
9045 6238
4750 9829
5130 7265
8558 6813
9749 3476
124 377
7332 6111
8422 8106
4485 6488
3487 7127
7263 1601
9159 9005
5077 3435
2727 1815
2760 7042
9346 8530
2564 5478
6368 9691
6769 1410
9990 2592
330 8106
4037 7574
7597 9443
4057 2618
1540 2586
3760 6988
5956 213
3968 304
2499 9133
9979 958
3657 9781
8282 9578
1947 6828
5107 299
8057 6754
9985 8991
7393 2397
7909 9871
5 8245
4185 4989
5992 9251
7153 78
3257 8599
4186 5339
5705 7717
6156 7807
5656 9256
5213 3956
1312 3460
9884 6502
8356 2090
9490 7981
755 8456
1999 7349
9021 6808
5214 776
2234 8400
716 6958
5477 8833
3090 3069
8206 5580
2440 8451
3074 7140
4913 6319
1404 6121
3421 726
6206 260
9407 1324
2832 7780
5505 2881
7470 8096
6302 2402
4556 5140
8632 8105
6833 8567
6345 2680
3389 7947
3067 4597
3233 6586
1859 604
9120 704
9088 2003
519 2826
8328 5
153 1750
5255 3809
5355 623
9056 6298
693 5847
476 9113
2816 2803
3594 1957
7428 5425
4119 1515
2354 2494
9362 3509
4702 5863
8490 3062
7877 2223
2870 9564
4148 4352
6854 6016
7513 2879
5243 5818
2839 6812
3095 3
8306 956
7957 7681
7496 9508
7391 8754
2751 7459
5516 7707
2705 4435
4825 575
8338 5738
1813 9496
5887 400
6483 2899
243 4462
2961 9026
604 6609
3765 9929
7232 1067
1440 8484
2513 3028
2217 7653
2292 2016
1036 3407
4310 19
3993 208
8851 1358
2603 8574
7687 4532
4671 3552
8584 3140
45 8752
6430 4091
1477 8021
8270 4289
6491 6761
9268 9785
9091 8503
9127 9417
7927 5890
288 290
1330 999
1976 9877
2332 603
4406 3440
146 4130
7607 4077
749 9826
4681 164
1561 1815
3260 5016
2178 6599
9013 210
3080 3109
6746 4993
721 1779
2970 7090
3219 1694
3013 4543
2204 314
2040 6106
6523 6304
8713 7136
6678 9659
6031 5859
490 9451
4506 5794
8565 9066
294 9457
6168 3244
7359 463
3526 5401
7954 6273
1672 4336
3135 1712
9041 9947
1665 4178
8474 6622
6233 469
1072 4176
2372 3610
7149 1666
7185 4012
7005 275
8989 8526
8996 9079
5383 3569
4505 9983
7841 1519
2776 2232
7084 5735
9180 7566
1546 6247
6413 6151
1364 4713
4962 6538
7988 7448
3896 686
2197 4247
9952 985
2616 5930
8911 6553
1095 3504
8118 585
4295 5838
8554 8940
7059 5777
8181 6663
4730 9981
3495 1978
8815 3592
6051 2360
9084 6440
3292 1301
9607 5759
2895 3847
1717 9326
6745 2879
9742 6795
1589 6678
5118 5843
3061 3974
4128 7796
9857 5222
975 1106
5324 5479
7054 905
7751 9891
5538 9462
581 1511
931 7173
6710 2452
5774 6463
1475 7513
2486 9397
3842 1298
7777 9891
2750 9269
939 9382
7620 3102
7493 1580
439 5311
331 9992
3394 2662
1988 6774
645 8970
3536 1175
6441 5121
4204 7596
8173 3545
250 5822
8827 2892
2303 2429
6057 7084
8291 7890
6813 6011
999 6560
8798 5862
7451 5226
9680 1999
8995 8296
5826 397
9876 3363
8935 1415
6453 9266
8665 7251
3515 8423
1061 1752
8322 1278
2310 3390
2428 8146
8172 3230
9624 3866
4392 4888
1378 1186
6064 5304
6997 5297
904 9139
4600 5783
6944 5578
8774 39
373 3877
4730 2577
241 7605
5502 7656
6465 5116
1049 7961
6001 4370
1112 4577
3669 6769
6901 4880
4237 5874
3442 6966
1071 4686
5889 3727
1057 4725
2318 1156
170 8184
4797 6421
7811 2191
3480 5782
1207 7465
9398 5626
9298 3292
4216 8118
1248 5485
412 8222
567 7040
9989 7423
1303 1205
4286 94
9545 9926
8317 3866
1694 4672
2188 3514
75 2221
7619 3298
8909 7716
2803 3482
4113 1960
7932 4609
8825 8194
6117 5049
6015 4398
8991 2268
2273 6471
3707 584
7876 7265
5844 5739
5088 8124
4942 9925
5604 4383
3165 9142
5462 2152
6428 58
8734 9214
3948 5926
5253 6152
2928 5194
7801 342
9478 2430
7068 912
3930 9972
9344 2924
1787 1907
8368 9081
9159 1444
2844 5578
7191 4471
2583 3665
5715 9402
2811 5735
9892 6447
2066 2211
4563 8121
3560 8418
6889 1502
319 5506
8669 8046
4513 251
2370 5144
7873 5307
9981 9105
1094 4769
2889 1109
3200 4373
6101 716
7941 8569
3385 500
9706 6764
8146 1119
9119 9313
7014 8342
341 9597
2841 9043
4310 6987
4830 4950
3391 5928
8588 9566
9278 7965
8258 4203
6985 6678
696 6128
4762 4167
3349 4756
5975 1406
5637 7165
628 4757
6662 1974
5435 9255
523 1505
7668 7755
8418 1109
1474 9020
4368 2306
2830 5451
4347 8002
7301 2270
9420 146
4405 884
2050 338
9068 4170
1394 5547
4936 4689
4298 8402
8868 6549
3675 5456
7350 6135
280 4101
9159 120
2451 5927
6169 3880
5551 16
1109 5930
7156 5664
5680 3721
7758 9550
8403 6432
6540 2478
3337 5885
552 927
1681 6946
3889 489
8991 90
1685 302
7042 4152
6465 2808
2832 8863
9727 1959
1912 9051
897 5739
6087 4363
3935 4804
111 7364
9662 8820
537 9629
6767 2001
6463 2940
75 5229
1198 5369
6762 6613
7957 1557
6031 4793
3195 7814
3189 7787
4758 6950
4206 5042
526 2782
1663 4379
9227 8815
8202 3274
736 4170
6434 1047
5513 8427
9044 4089
6708 9395
3112 637
786 5318
1502 343
1977 6303
1396 1397
2604 6711
1646 660
689 9050
4969 8995
5139 7071
3342 2308
7900 7722
8913 4702
2360 1680
4873 8812
1264 2512
784 1300
6092 1146
4537 449
1666 5625
4997 2249
3149 7169
3773 9247
8493 8090
1353 7434
9326 8255
2270 8302
133 2083
932 6290
7087 2658
1846 9592
5427 7480
9234 51
1240 5069
8187 4288
393 1282
8898 7230
576 7286
8645 2452
1491 3703
7535 8079
4297 8364
8637 2837
6400 9339
8345 2428
7893 6329
8616 8844
9069 6538
6123 4299
2920 8572
7609 2205
4062 8541
8961 9469
6400 6589
6435 7969
6812 6623
2582 2097
1622 1340
9859 8904
577 6510
8671 5426
8722 2346
735 4999
8862 9791
7864 1429
5257 6317
7959 4361
8539 1726
767 9515
4466 4875
888 3198
5932 264
5409 1446
6254 3933
5067 5109
7251 9266
6945 2804
717 2703
6101 724
6211 997
4412 2888
2759 9345
717 9626
7127 1210
9563 8219
8333 8840
3684 4148
8296 2709
2519 5001
4256 3360
9674 454
8450 5150
3309 6675
1091 7708
7023 5198
1271 587
9280 3187
6919 7733
1812 4180
929 5416
9536 6961
4010 5357
7053 7788
3730 3906
4306 7256
965 8025
917 3645
1188 4258
4600 890
8679 475
8537 8865
6717 4649
1402 3544
8082 5999
8938 174
4437 1652
4131 6647
6918 5538
7645 5113
9683 5844
9374 8119
994 1126
3518 9393
3274 5644
8785 2090
7452 1316
9410 6379
5630 357
1725 4709
9226 2553
3861 6407
8287 6704
9216 3957
3105 7741
897 5959
4720 1462
3977 7383
6874 6626
3648 3109
3786 1875
973 241
8811 3171
4861 2548
8425 6704
2173 5771
3803 3089
6861 4852
5575 5197
6419 1471
4016 9953
3256 1283
3939 191
3299 8202
1735 696
2746 2341
8167 4985
924 2540
2822 49
1282 9261
3252 7014
2665 4168
2913 9342
9676 4211
5796 5989
3761 4673
7213 469
6473 6781
6261 9499
8330 1171
7267 7710
8629 7855
4049 8273
4120 574
8470 9961
8758 1192
1943 6917
2285 1858
4683 3801
8081 2932
3505 3716
5514 8963
3038 4463
3288 3942
5724 7
4899 8971
31 7948
7257 5575
5419 2060
8253 1139
6452 2936
9658 1355
2896 6516
7801 4045
4040 229
9377 25
9772 4617
5453 6722
2946 3133
8818 9104
9801 2773
6245 8365
8339 7207
3331 9130
3243 1839
3904 3940
3233 4080
2311 383
7785 5771
8479 3782
4184 2161
1322 8178
9930 5574
9936 3190
4222 1531
6070 4236
5424 9482
6452 1016
1230 3345
5216 8174
6019 7296
9650 6828
4491 5717
1646 5493
4216 635
7457 161
802 4228
2114 6797
919 3214
4433 7238
15 8635
1270 1936
1499 5764
7056 4327
1775 6008
6305 8399
292 8395
134 456
5514 5104
5426 556
8026 4139
8497 694
5375 1049
8050 5223
3739 8810
6469 6720
1990 3370
6259 7706
3887 7865
5545 9978
3591 2191
362 2454
873 9673
5050 187
6626 295
3976 875
4154 2934
3417 2655
2469 140
6044 4194
941 7328
7784 1795
9260 9058
7896 1727
9352 3659
8103 6144
7288 4352
3766 2655
5196 7875
2834 9187
2527 6257
23 7184
5287 3970
9490 9657
9579 4342
1947 8251
4180 9243
9103 9944
5206 2695
5577 6610
8972 9813
660 6463
4294 9522
7702 7982
8048 3246
2111 8260
39 9586
8716 9876
7101 9226
5347 3935
3543 3659
9529 480
9892 1977
5026 3038
4004 1931
2742 9343
7871 6524
8382 5786
6129 6755
4589 6445
2941 8661
1195 2835
7568 1288
2927 5489
4939 1194
8933 8253
1221 4453
2954 3173
8105 6382
4184 217
1796 3586
4970 9417
3968 6586
6697 3774
1202 7004
5751 2309
8225 3953
7390 1904
2846 1664
8915 4112
9552 7688
4083 5887
8650 6952
7100 4091
6809 1079
7133 1379
3105 3493
9643 4158
3543 5453
3944 9474
1024 4637
5805 2130
8219 9750
4639 7929
1961 5643
9143 5515
945 7148
4603 9699
6965 433
7780 9634
9721 4190
7366 5946
2456 3377
4995 9537
6306 8342
8134 8892
8969 7213
8029 8099
7225 840
5699 5599
3564 1206
9003 3369
6264 4590
4490 7306
6471 2599
5395 1873
6124 8177
913 6137
6544 9160
7518 6451
7547 7029
3257 3952
4537 4174
6055 5850
269 8732
7873 6746
9387 5678
73 3214
3872 7179
746 3980
7694 5949
3636 5129
5251 8398
7995 2314
3633 8850
1840 1725
2780 1967
459 3127
1956 3256
7675 993
7866 75
7937 7953
3774 8809
5227 9652
9866 2055
1077 2812
9700 3836
3326 644
2360 2554
5504 3302
7226 7115
7341 8276
3312 8644
2548 1738
8583 8524
1492 9448
6062 8817
9958 352
1264 9752
7258 2491
1472 585
3467 6931
1659 7462
9312 704
627 3534
7064 7937
187 3481
511 2270
6329 66
5259 8106
4916 7994
813 9669
4859 4767
4755 6624
8492 1418
544 4598
6038 4007
5847 3802
4918 5860
7928 6860
4957 1784
9981 6772
1906 6584
4060 1068
8338 4281
8396 3062
4146 3945
7630 396
6367 885
979 6515
5150 1000
5616 9868
5402 222
3318 7931
1913 8743
6398 6688
9428 1932
7335 7042
1392 5593
6583 5765
3398 2878
2458 4338
7745 301
4139 4817
4088 5964
3429 3622
658 5839
4738 3546
2603 432
2680 8914
409 1438
2962 440
5344 903
6646 8898
8528 2554
1040 2505
7533 8499
5287 7740
5530 7405
4528 453
6060 895
8930 3457
3181 9598
4932 9065
6057 9566
8045 7318
3897 3353
1736 5180
1691 5756
2455 8512
6658 2601
9968 4798
1123 157
8564 3613
8708 3777
2088 8029
6167 3375
1005 6229
7152 3374
8714 164
2706 189
2670 7815
9206 2810
1486 2681
8295 6941
2297 2335
1600 4450
7016 4161
3096 3727
6841 334
4221 1811
1531 7667
317 4776
1585 3420
4522 7012
5636 6198
3799 291
2900 1074
6058 1183
6253 6929
6510 1732
1569 6792
2251 7267
9395 7906
2658 6691
9994 2990
361 5341
27 3196
6318 8961
813 3666
4938 1046
763 6473
5343 3845
5796 2371
303 6858
2766 5064
6254 4213
9905 1770
2283 3555
744 6327
37 2127
3471 9084
2592 5912
7087 6121
6602 241
4127 136
6317 5107
1500 8002
5630 7935
7282 4210
9592 9650
1575 2526
1722 6261
4237 7869
103 5931
7789 2597
7334 4120
8813 641
9272 8074
162 7768
8686 7602
4856 9080
8678 7036
6282 2370
7735 5952
6240 7435
2689 7951
232 5256
6406 6379
1497 6
5232 5115
5051 3438
6573 737
1993 380
1819 8451
8328 7650
5419 8189
1772 4138
471 4559
6882 7535
9490 2701
2050 9406
3839 2968
2772 9398
4989 2888
5213 9449
8329 1392
7223 5263
6982 2565
7306 2734
8295 3385
9507 1867
6080 2117
5385 1935
4323 2451
6951 7106
6280 2890
4968 2595
6757 3768
6764 4095
3961 6938
1241 951
3911 2337
718 1330
9221 4491
9025 5403
9168 3634
4134 7755
9851 5458
7975 7467
4564 58
3235 6710
3367 2506
3455 6020
4818 3701
6313 5833
5920 1650
1195 3195
2480 4107
3147 6157
2638 9409
7402 2980
1134 449
689 7555
1460 378
3168 6415
8624 8860
4659 8375
1815 2529
7787 6800
5303 1704
5830 3702
5042 7229
9867 3156
8640 2903
4427 3222
2279 6489
8907 9562
6656 6337
6251 9054
7313 8786
4326 4692
2113 41
5650 1949
2961 5109
2061 597
6810 7607
4230 7906
161 1518
7101 3656
4433 3244
4045 2610
7521 8230
631 78
3480 6299
3632 7127
7682 3015
2220 6437
5630 2713
3211 7661
1456 5870
8983 2146
7860 8324
5946 7488
7281 5153
5362 8103
7967 9840
558 7001
1956 5411
5702 863
4064 9075
1211 8998
8715 8089
7858 3784
9608 4996
4738 4667
2197 6925
9671 8185
5463 8188
9466 2429
9129 862
5825 2668
3680 1490
9970 6100
850 236
3243 4546
2064 6168
665 2756
7505 6453
3535 8041
1530 7441
1373 1226
7876 9043
790 9250
667 3425
3909 3697
2480 9210
554 3487
8893 2980
2817 366
8306 5780
8967 6852
5756 2378
378 2070
6837 9485
378 7202
6053 7118
3639 2278
9949 4003
7555 9370
4323 3138
4811 3406
5496 2572
406 2421
7285 1744
8555 9880
5797 2766
9712 3591
7636 9544
3039 1014
8314 9800
8726 1835
2642 4496
7100 2657
3846 9193
437 6640
9129 3413
1599 2228
6511 5205
7660 5209
2071 6451
8853 4038
7056 8605
6662 2225
2383 1376
6796 3048
2861 2212
8585 3119
9697 6902
6129 6123
7153 9011
1507 5916
24 4204
592 8862
2157 5314
1750 1318
4029 218
5967 1536
6438 9046
4498 2552
4160 4069
9488 7110
6618 583
9086 9853
8888 2159
4175 1183
1460 5685
2828 9527
1794 364
7105 6624
5472 2106
8006 9353
341 3350
5104 2934
4601 1834
5426 6286
7334 8206
7582 1166
9302 2013
4587 909
7399 3364
1907 5842
99 9784
1196 7823
9236 8788
7854 7001
1883 3051
4808 8191
6460 891
887 6746
7710 1260
1204 2984
1698 4225
2559 2345
5766 3874
954 8937
7444 6629
7511 1325
8709 6668
6620 5833
7634 2352
1556 6311
8978 9870
991 2125
3789 6327
5317 7593
7688 3573
5209 2289
367 9655
8173 4680
9783 7629
6788 4999
8193 423
1177 2564
8400 6083
5196 7546
5413 6867
3781 7121
2609 7123
617 6524
9674 7490
1289 8176
5790 2514
9862 5490
6155 1280
6034 5498
916 2467
7636 1780
4661 2227
6773 8696
9090 7224
9930 3965
9320 4257
8056 2092
6120 8679
479 5838
1726 3304
6136 7752
2302 3897
5481 2270
79 2987
1686 5103
9635 5329
8851 6898
2710 5117
9837 7253
6382 5370
5391 6222
211 1701
2852 7380
5922 2162
941 3240
3326 9721
9177 4228
9887 961
7869 6140
3042 8097
9076 3826
9476 8225
809 6706
4133 9421
8329 8708
3198 6001
2408 5193
9042 6157
9211 8955
61 7536
3218 1099
1706 5123
6139 7328
8167 4898
8911 5562
4142 3005
9931 6601
4273 2752
4441 7874
9978 9741
9362 6206
8994 4002
5674 5196
1450 7346
9653 7474
6727 8897
493 6116
6606 6801
4156 5865
2089 3794
7024 6654
9191 1913
3026 420
2091 9367
2780 7370
7629 3133
6039 2266
8807 3170
7189 4093
2532 9493
7004 2960
5304 9802
5368 7787
8793 435
6877 2756
3517 1025
4693 628
5292 9480
974 4548
1683 6401
7653 4684
8911 6588
1119 7021
775 4850
886 639
6990 2333
5822 3983
2379 9313
3019 8618
3625 8912
1574 2809
9245 9741
5293 5981
8025 5277
5659 7165
9143 6244
6879 5527
4208 2099
2483 5442
9845 2345
1426 2123
2473 8816
3416 1713
1172 1314
6685 7086
5930 5542
2129 1891
2813 251
2083 719
5862 2255
6299 6329
855 7448
7025 3330
6179 2318
6068 1038
5622 4217
3462 9798
7140 7537
2551 4710
5464 1785
4150 7012
8416 4023
44 7387
2990 3578
4326 4238
2377 7780
2293 9068
1753 8102
9371 9573
8794 4984
9990 2165
1975 8647
58 2396
5650 5661
1785 9080
2644 1505
1367 7878
4896 8465
3759 7576
1797 8628
710 8577
1541 1388
4458 3248
7940 8891
7726 1639
6809 695
4432 2954
7363 4755
2232 597
5941 7247
9116 6553
40 202
7112 3691
7096 705
3916 4904
7391 3534
9741 1560
2686 7112
8564 8986
1957 7405
262 1208
4909 1215
1588 7436
838 3914
3887 3658
7037 55
9505 1333
7290 1912
8565 9835
4221 4665
4264 2869
6551 3471
8113 4163
7507 3796
3111 1618
2602 8331
657 748
9149 134
4302 5047
6454 7414
4446 593
1841 9932
6915 2664
1597 4594
4567 2154
28 8937
2174 5397
1137 4549
2392 3513
1164 1643
3345 5723
567 5489
3978 5032
8074 5884
4356 8910
5509 1366
9234 7854
6162 5842
1275 4633
5610 4154
581 9057
3088 5396
239 556
375 316
2328 9390
5522 1394
7071 8318
8556 6378
33 1963
7849 9241
6978 1362
8531 5100
7425 7469
7836 3686
9580 2484
4855 2726
4154 9823
8290 9085
1635 4438
5083 9473
2683 9209
192 9604
2642 837
6042 6570
8854 2432
4934 2986
7574 8814
7587 1694
4752 5309
3839 9567
1583 8187
718 6494
9001 3992
1394 2462
4105 8645
5379 1761
2654 5776
8317 8481
5002 4849
1896 401
1438 1095
223 3787
6089 148
8154 2516
1931 8784
6785 4021
9460 4467
9677 376
381 7019
3839 5342
9062 2290
5154 5037
5302 1814
2718 4276
5983 198
9135 6595
856 83
9960 3296
8498 2146
4473 1643
871 576
2160 546
8790 9943
2271 9729
9557 5094
6702 4496
2977 1829
8435 3434
4978 6335
157 1888
8210 6250
5480 7960
540 8604
8281 6000
9016 4009
1276 3084
93 3594
6656 7939
1800 7044
8907 3287
3201 1681
2195 4815
4864 4188
8724 4723
2091 7228
7380 4395
4915 2311
5190 8095
6880 1931
3014 6798
7363 1394
9451 6157
5674 2850
5721 3748
6635 6019
8089 3058
4130 1863
9942 6763
6502 1947
8944 6309
1731 8155
1696 5030
9792 9287
4704 6812
3284 8026
5140 4055
662 6372
3651 3607
5357 3556
6906 4403
7819 1211
1609 6006
4341 1095
5315 2545
4491 5883
4039 7750
8710 9522
9656 7269
2788 150
4145 9995
201 3424
767 8313
237 6614
2000 684
9106 3484
4158 6428
3961 2934
6133 1825
8710 2685
4110 5300
8899 4457
8607 2654
1409 6656
2922 1846
2845 3546
2439 8457
5485 9054
9786 4852
156 4144
617 7082
1552 8154
8147 3988
6826 4130
8402 7057
5062 8393
7678 7768
3421 9704
9721 7479
728 9649
8918 2372
3094 836
7301 1393
2725 3762
5184 4344
3425 7528
3548 8080
7915 7627
5717 7246
6575 5922
714 4130
290 2658
7710 5791
9800 7819
2780 737
9565 488
6255 8505
2952 4169
1517 9971
4992 4268
265 8314
6234 4429
9941 3803
465 9542
1386 1281
559 6942
8148 5296
8730 4714
2227 7368
1116 4184
4459 7771
4525 8292
3106 4448
3946 5754
9958 9871
2732 2282
9652 4276
3105 2278
8762 9193
9921 144
127 1150
1978 8256
8664 3214
3927 4074
199 6051
5549 9434
2108 6687
5392 7185
7210 1065
3060 1119
8717 224
7621 6543
2290 4578
85 5065
4686 7993
5320 8167
5150 265
2481 4232
6437 4362
2890 8229
627 4757
9914 2632
2330 4854
246 8100
4468 2208
6548 3620
5641 2919
1199 5037
7691 3022
9608 1923
1397 3000
4534 4162
3605 156
4682 6524
4710 6268
5819 4531
1314 5669
3826 1008
5374 2271
557 712
3459 5672
3163 9503
8250 7264
7652 7262
4279 2184
2485 6961
5416 3209
1149 8958
4938 7414
6996 9536
3899 8368
6069 2831
216 6230
5952 422
1682 6141
6546 315
3674 1783
1693 7339
3271 2937
5612 7762
1706 9851
7749 9850
6942 7249
7435 8464
3106 7432
8377 2263
3646 6234
4923 1945
2305 9288
2767 5806
2328 3442
1441 8884
8268 5866
6404 811
1027 4026
5660 7436
2891 2967
3654 7753
4196 6305
9734 6202
9892 4791
890 7440
7234 5292
9245 5004
3564 9203
1655 1457
549 36
820 6006
7359 4884
5472 7938
4093 5769
81 8798
8535 928
2932 9997
7129 4869
3545 7012
7747 834
7102 2457
6171 5700
3691 657
8045 6789
2444 5568
5008 654
8572 9148
8893 9219
8099 122
2187 8810
7344 7057
1061 8327
9973 9224
1027 9591
372 7579
5771 7385
9148 2467
9700 8562
2730 681
4978 9450
270 7987
9185 5216
979 1848
9144 1569
6056 2235
606 7347
5268 3017
7105 1969
4445 7064
92 510
8046 8001
2168 9282
2135 4261
4505 3111
9051 3590
5428 1779
3951 7523
6725 2607
6351 484
6985 7254
1760 459
1149 4565
1341 7129
9964 4386
1345 2051
4814 4389
1166 6907
2484 3268
8289 3735
9169 9356
538 1979
8849 6636
6137 7125
8178 3883
5109 8453
7571 6011
1320 5254
4232 3659
4694 7419
7582 8024
9835 7559
6343 4818
2360 3418
4340 8445
2 1703
2729 9701
6569 5047
3814 3747
8890 9743
3503 3998
4492 4531
5854 7736
8703 3396
343 3281
6015 8235
8572 4734
2269 447
8091 7302
5562 6035
235 1857
3058 2457
9428 8345
6768 878
2004 3081
1805 1871
122 6457
3257 5702
7044 8237
2006 999
3947 205
6473 1668
7893 9857
7128 4027
6489 9692
1248 9361
5394 2630
3015 5047
703 697
1732 9804
2051 3701
7722 1189
7431 6777
1549 3903
7815 250
5202 7488
4801 4206
9697 2814
8101 6051
1652 4619
5900 9657
7333 8710
7801 5448
1928 7464
3841 6802
8573 7468
8929 6185
9346 5882
8260 501
7402 9856
6667 5098
2242 362
4212 8783
3833 8615
2860 1736
6104 306
5866 9404
2100 7873
5953 9440
8844 1008
6064 6259
2575 6177
6565 806
3335 125
9313 4526
785 1241
1722 1720
1564 1732
4181 6705
8639 7156
8087 9357
2706 6480
3744 6586
7483 9239
2264 5921
9944 841
5210 5992
5778 7600
4854 1806
2884 4402
2900 7996
2174 7346
1141 8578
929 2246
785 3216
2524 4860
4635 7827
7834 5148
6257 6992
1852 7743
7395 2677
1828 5880
7329 9922
7114 6320
5589 820
5418 4952
4052 3503
1112 3600
4134 9597
6975 6223
6404 197
6315 4781
7234 7150
99 7774
854 928
4528 9090
7369 9324
2776 9834
7168 735
1243 4584
7853 7540
6532 8859
6465 321
7242 3264
1347 2881
8161 8247
1643 5301
5600 6909
3842 2029
3446 2933
7906 53
2411 2494
7254 9553
5222 9466
6412 8206
4219 5749
4946 7272
4875 6822
5660 7065
7936 221
7056 3088
6879 1770
3962 2598
9750 3
8889 9299
2722 356
8487 855
1117 643
7295 4084
9851 2433
354 2690
8759 4525
1202 1073
4842 9187
4236 6952
356 5844
1752 8639
9808 902
5563 712
7658 1214
3248 8172
6702 568
8763 3078
5839 9529
8448 7426
8244 370
2924 7257
8584 8380
8378 8954
3252 9505
8328 2263
2843 8935
5052 8109
8325 8134
3345 8605
4531 8128
5262 6701
7207 5582
3785 1499
4656 7641
3502 6918
3802 8828
271 843
126 7030
8559 76
1233 7162
8294 2959
2505 8077
1523 3423
8434 4201
2004 5617
9592 7240
1397 5876
6810 3546
9083 6027
7899 7731
2551 2004
5047 2501
5363 6597
7931 1077
6103 9428
8262 6972
9652 3598
1662 3408
9349 1404
1172 6898
8563 827
9069 1412
7789 3906
5425 5843
5669 2890
8795 3282
8072 4799
4576 4336
1488 3740
7902 8428
4326 4891
4284 2306
5146 3496
655 5730
2562 817
7138 5013
8047 2857
747 5500
6199 1799
354 6084
3913 7054
6890 625
6865 9163
4564 7197
7845 7198
308 7050
2705 1401
724 8244
4450 2103
4401 4072
4644 458
9533 6220
7208 1405
4040 2988
6724 1474
5184 9164
4836 3615
1635 5692
8728 5984
5232 4675
1607 8773
3407 5439
5763 5829
575 661
5595 9262
341 6986
8283 947
918 8992
1130 3747
4069 3286
3573 4117
2684 8150
5203 6590
4561 7981
1365 3683
332 377
224 9331
625 2892
6559 8042
3005 8963
461 3821
2724 199
6029 2654
6949 7415
3477 3410
8379 3415
3153 6057
8384 729
6346 5422
9720 938
2290 1605
8855 3377
3288 6565
3698 4484
4738 1810
62 5293
5840 4656
6759 5356
8061 1188
4843 4461
6742 7688
4026 1266
5070 4443
3878 9062
3781 3470
305 3510
8570 6138
6963 3240
3119 1950
5548 1357
4404 7642
5099 5749
7713 7916
7946 4568
3128 3972
4942 5624
464 5907
3475 7557
1589 7222
2640 2993
5626 3797
8297 1206
983 9514
1117 1871
3357 4854
9103 2789
6512 6025
529 1190
8997 6291
942 9059
8217 3774
2665 1228
5868 9023
8340 1105
8177 7896
83 1682
8336 7192
5475 6358
2717 7366
3655 6247
1217 5143
8810 6723
3269 578
9459 2222
4284 9211
2880 3980
6029 1289
3476 9234
7327 5053
2318 2349
6016 7402
4478 9688
9725 6720
925 114
4526 6573
531 256
1547 1287
7673 8633
4402 9686
9003 8843
6565 956
4197 2757
2248 1695
4747 542
1685 2426
7321 7396
499 3228
6675 6480
5860 4224
5919 3710
716 6183
594 136
419 9772
5235 7606
3567 5154
7280 9582
1635 8587
7838 9675
4508 7140
599 8575
5972 5514
2292 7765
7600 9873
53 7509
778 2474
3211 8940
145 2891
342 3489
4385 7427
132 2624
635 5143
9354 6019
8253 8335
154 4195
4658 5627
1460 7500
478 2423
1266 8013
1255 9999
1898 4605
1878 5066
3616 4843
8807 3255
3887 8059
5632 2067
8873 5811
2814 9370
7534 1937
1777 7646
2658 7230
1769 3089
146 4947
5097 2208
2129 2837
5349 6055
8537 5648
5828 3015
1375 8128
9362 1609
5506 8125
1646 384
7565 4083
8061 13
1260 3004
2396 6995
2216 7796
1898 538
3961 5881
8783 360
1520 5957
9252 5631
5721 2073
634 7816
7409 2666
367 7742
2616 4435
8002 9058
285 2664
9719 2621
6290 7177
4686 6980
9202 8843
4162 7965
3046 4279
9195 8756
6574 2428
5147 2472
9641 4507
9190 1634
2566 6015
7652 5594
1658 8034
8844 5942
5582 6841
9933 9920
5598 9892
3977 7949
6154 9790
8077 7289
3076 1125
1535 7868
9041 5614
1370 6025
6077 9432
1149 6190
8161 7032
9993 564
6752 5252
2728 898
1867 2820
8324 7292
6242 7424
7339 4629
6899 9346
7252 1112
6852 5138
4804 4217
8032 3590
6660 3939
1550 6069
7729 7885
5284 214
7677 6951
6588 839
3965 4707
5393 3960
8115 3353
6764 276
5938 9348
9855 5102
2830 6127
2029 4262
5181 9218
9588 933
8748 2808
9507 6715
5214 7966
7225 2606
4809 674
2558 2088
5812 7001
3357 3434
7253 1695
1229 2272
981 5678
8866 8223
3902 6234
6517 355
7642 5489
5773 8418
8832 267
5423 6910
3205 6259
977 9861
8472 1371
1456 1112
6418 8578
8479 8494
407 7159
6321 5951
3812 4930
4153 9701
927 7171
7758 1243
2030 7773
3987 7516
6943 551
7260 5870
2439 515
1353 9965
7337 8375
6367 2044
9597 1935
3500 8452
111 7858
8450 9395
9950 2645
4080 9622
6656 7902
9800 7797
2975 9306
6407 4860
6661 2090
4520 2383
4221 2657
7715 1190
176 902
4233 6776
1727 4419
13 5098
8553 102
4885 2857
3686 7730
7584 7721
1969 9697
3205 8468
4800 101
3462 8668
6302 302
9655 5071
939 4103
495 1248
7213 2047
5102 3279
5848 8477
2711 571
5250 4136
2389 6531
2735 3776
3508 8156
1728 3029
4228 3045
7141 6347
865 2975
6713 417
8994 9214
9475 1254
6176 5976
5224 7240
8191 8024
3119 6176
5519 6104
2534 6501
1648 1739
4359 1459
2388 8301
7167 5871
1841 2991
4015 7657
9610 5464
168 2079
1022 7650
4556 9097
1426 5372
8581 4990
2509 8393
5836 5566
1257 4523
4424 1304
6971 7781
4580 321
197 9270
8273 5634
1651 7023
3788 7456
5874 7428
2267 4859
7024 568
2971 2471
1304 6260
9243 6005
8169 3898
5302 1600
2468 9138
3027 9652
3186 8405
793 2286
776 9260
8432 259
5409 6807
7408 9899
4640 2371
124 3005
189 2766
642 6938
8634 9258
2252 3044
5810 5013
5747 6648
9087 6432
4579 8616
7821 8054
3247 2130
8010 4940
4789 1862
4879 6154
2360 8581
5127 5533
2687 1931
8702 2368
110 4537
9326 6737
7840 8381
562 9930
8728 7159
5113 7282
5810 3349
1713 2260
4579 208
6839 8296
6244 618
3066 2288
2841 8765
2514 6402
8979 415
8145 5353
4183 4281
3396 1953
8651 1109
8272 2166
5670 8294
9876 5183
9509 8862
9868 2428
7193 6070
123 4309
6808 7666
6182 5225
7771 8867
8300 7368
9136 3719
6811 5499
6385 3819
8366 9758
2997 6349
4399 4645
1397 5742
9915 3409
3518 1789
1933 3344
6577 6838
6194 9011
6773 2307
7906 9920
2653 6423
9265 2078
3421 2770
4391 5716
2789 5340
353 9416
6350 2959
1855 7878
581 2163
1354 9515
1562 2442
7587 1604
6644 3744
6049 8654
7822 8158
6942 5186
7832 9513
3659 8098
7802 8831
6136 1244
3852 5082
5861 9606
5523 6757
6366 5567
4764 3909
1130 6374
4234 8950
9514 9900
2723 9904
2524 1393
6485 8067
8568 8457
5499 4873
4441 3857
1500 8527
507 3948
5443 2347
914 6966
9734 5082
7588 3984
6732 955
7110 4819
3585 448
5850 2980
6893 3541
6309 8765
6949 1540
7978 5509
2287 3996
3887 7010
9944 1496
207 9155
2147 4117
8486 5470
4003 6864
6159 5246
5212 2899
3948 834
7998 3664
8192 9341
5132 4402
5143 1284
5607 3162
3865 6576
8873 3517
9301 5731
1972 7674
2689 4800
8555 44
3593 2883
7136 1042
9340 2994
4343 5950
6547 3711
4331 198
2752 3210
2763 8623
379 3876
8084 8119
1483 6653
8448 8711
1699 7526
9460 8444
4996 9636
4549 1950
8283 3267
4618 3866
5861 3058
6177 2440
5895 3124
544 8107
7399 9872
7875 9747
5969 4585
4464 9418
6730 4422
3128 924
7088 8852
2954 4084
3284 1356
4865 8468
6501 5527
6042 1041
9197 6808
5413 8682
6192 7556
6915 3392
3334 4252
9354 2857
6366 7383
1001 910
5837 1964
8463 1190
8284 2327
8103 3964
4511 5319
256 6215
3042 8140
1858 4605
2532 2629
5946 7179
7355 5593
2067 2998
2653 8984
9710 3055
4182 428
2903 304
1881 3138
2453 1103
6731 2365
2016 969
5520 8868
212 3249
9188 2417
7383 1646
978 7532
1637 3540
9206 896
1238 631
7043 9596
7740 7465
4652 4899
6889 4630
562 8180
1303 2271
4644 4453
8604 4464
7445 2150
1198 6842
9786 8802
6462 5969
9532 4298
5465 5800
7997 8959
9708 6395
2420 2429
2871 2519
288 8574
5275 2214
8220 4412
3477 2430
431 529
7206 9040
7021 5058
2774 5137
390 6521
3628 7079
3694 4181
9254 3336
3540 6275
935 8814
5037 2016
1069 686
8077 5001
9808 334
1818 3799
7524 4960
9538 2560
8862 1308
8956 3753
8264 1986
6528 4762
1430 8484
6353 9657
6776 6519
8527 131
6093 2525
3761 3925
2830 3743
3415 161
1803 2741
6865 4134
4022 5405
5892 201
9044 8861
775 6725
552 9572
7297 601
5874 8632
9063 9185
9886 9496
6054 6608
7250 2112
2107 1374
3889 6265
5012 3428
3652 6421
3457 7614
3649 7385
9123 8362
5866 3578
1122 7134
3381 6093
566 5498
7430 7394
9308 9919
8505 3432
2103 5094
2505 2937
4293 8288
178 7868
161 8949
6777 7638
3607 6464
6832 590
3450 4496
4947 5234
2863 931
6826 9059
6762 2640
9831 5590
3623 6773
3202 4057
3779 7715
4179 9037
2479 7013
9152 644
6218 3009
8021 2382
3873 6940
2515 5656
4257 7808
2239 7272
612 8166
1793 9036
9313 400
9603 599
398 2192
665 3992
7988 3740
1731 6705
8543 1952
2366 5154
4648 1314
3169 9319
2468 843
3654 7805
654 4717
9706 6334
7917 8783
1732 8179
5686 567
4330 2466
9930 5638
5329 6635
5114 8988
5125 3368
8247 8406
5549 6799
4802 2699
2968 8929
1430 4819
2695 8122
8840 5851
3253 4180
2010 8078
7686 2773
6690 1879
3125 6505
4428 6317
8754 9965
2539 8627
5017 883
3635 8655
6209 6403
2082 5284
5664 5189
1402 6610
9108 6156
4855 1294
442 8536
200 4965
8504 7297
527 4321
3184 1036
4676 7107
9199 2119
2079 1864
92 366
1965 6532
2570 7556
4368 2304
3962 207
962 8822
8077 2633
5702 6092
3060 5035
1863 8663
5065 7034
1481 7787
2759 1709
1642 9244
6335 8909
2312 288
6678 9666
4739 3500
8494 6512
1935 2240
8949 1870
6700 3920
2875 5553
7294 8071
3103 8436
2187 2301
8231 9981
4605 1872
9798 2734
4902 3415
6486 3799
2504 9069
6980 9007
390 9631
2346 7312
853 2611
208 5954
7884 3260
2377 8370
6090 1819
5973 6449
6811 7347
6796 3404
2260 8363
6539 9171
2126 6933
579 4820
3901 7735
2771 4341
9380 8046
8949 9297
6124 5626
8391 1456
6126 2826
3036 7831
5401 9286
6215 6848
5465 842
1713 2391
1142 7116
38 7513
4678 6365
9370 8727
86 6375
2387 1257
1797 8556
6291 4905
8283 8046
1828 3471
1558 5134
9475 2322
1964 8667
3419 8804
1888 4843
6024 1288
2655 6717
9354 396
5191 9644
3014 2132
1028 7123
1250 4544
8104 100
5343 9105
3700 3635
8395 6539
4313 2653
565 6937
1844 9741
4161 1562
4176 4249
1169 6057
3125 1324
10000 7883
2866 4037
9185 6153
3432 2333
3789 6229
1214 615
7576 1085
4641 2952
8950 1072
9195 5725
4359 9764
9480 9704
3102 1833
4949 5187
9392 1387
6501 8763
6062 1378
1700 2700
8719 1038
6405 9144
9583 5880
9496 3104
7037 2377
5258 8355
1774 5538
8604 460
6882 2652
1136 9565
2753 8149
1726 9183
7772 2274
1005 7776
7691 8344
9138 3035
6366 4590
4792 2318
6282 698
5818 7068
3621 8247
1170 8371
4062 5278
9237 9976
9869 1223
531 6132
387 7007
7700 5358
1634 2469
9163 9222
6019 9124
6979 9545
1399 7644
5597 5624
9414 2125
1225 465
5305 8594
6673 8517
6330 9346
7281 6736
43 3068
2286 1316
2930 3550
3064 1518
254 1172
3843 6335
1209 6133
9899 2517
4813 8060
1189 8719
4634 9127
6841 8007
2205 5513
8390 6881
4484 310
1161 2520
8126 5659
5988 1567
9164 797
7673 2741
7675 5785
7921 8463
2401 4093
5260 5508
4409 3411
2819 4990
1101 6124
8203 2783
5320 2793
7107 5973
8257 7748
213 7997
7066 7777
1112 7623
4533 5967
7023 7520
8059 2827
5279 2101
5967 9862
5548 4277
7324 8244
9832 4326
5015 1202
8468 9975
744 7110
8632 6098
4225 1020
9941 1307
4870 7098
249 6440
7904 3854
4031 8385
1659 1103
491 3073
411 2720
1671 343
1779 1259
4741 4923
646 6235
6908 5543
8542 216
8614 1972
2639 3275
2316 5953
5326 2057
4096 8940
9443 4003
5459 2898
1790 2213
7268 6816
2015 7894
1806 944
724 5631
2887 7774
5841 5447
6124 9857
8090 2288
9173 3347
5543 3382
7572 1790
8942 6520
1840 1307
8931 9089
3376 9371
1044 3967
4995 5348
2273 7578
4740 492
2152 7683
626 4973
6170 8993
7650 5326
1527 4670
2487 7987
946 8147
4613 4434
7860 106
3555 3900
5465 169
8943 2708
922 9666
232 7351
4437 8405
4933 9948
6677 2151
915 3485
6654 9131
8908 9933
9 9572
5109 2695
6516 3030
2226 6399
3016 5251
611 180
7943 7405
6866 8634
5325 6612
400 3852
9843 2880
4932 1392
5220 4253
2588 5343
7392 4432
8683 8999
5751 472
6778 570
798 479
5666 8475
4117 6767
777 1237
5742 8605
5299 8630
5512 7626
647 3954
5314 574
6456 8371
8641 7083
5495 5795
4421 8930
6124 2688
4122 3681
4849 5792
5594 2584
4786 2631
7027 1583
1746 3849
7739 6728
2029 3603
2289 2719
5232 6504
4385 7158
8476 6357
4936 4576
7118 2604
4655 8014
7456 7951
1716 5310
593 9145
4087 3637
1027 1483
9510 4272
9608 8146
5351 434
1371 2600
5120 1823
7365 3409
3067 79
9610 3211
6163 2397
3579 7245
7524 4236
9682 6121
6803 3398
4375 7365
2251 224
8170 5290
2482 5885
4963 9412
316 8171
3582 8161
5646 818
5847 7654
5556 3543
8249 5275
8550 9100
2716 8784
1324 846
629 4694
7645 2845
1665 7499
967 2674
9400 9649
1658 4562
732 3011
7154 353
8039 7753
2231 9504
5810 7212
7628 5881
305 5284
488 5450
4743 2169
9465 2901
145 6399
8724 457
3660 9487
2880 4377
3960 2747
5037 9633
2039 9075
2416 2524
14 6752
4819 3093
5980 5785
5229 3496
4143 9711
9538 8044
5271 8640
9087 9841
1342 5240
2988 2268
2537 6561
7643 6878
3178 3034
5519 3293
7491 8113
8100 7106
1960 6587
4920 6109
4918 2513
6463 1407
1988 138
931 7703
6993 4436
2144 1619
1330 3429
1543 9055
6741 7114
5717 5554
825 197
5117 3456
4202 8613
8951 6560
6577 594
3929 6186
3384 4026
7395 2352
5259 1924
1441 8487
6420 8492
2716 8943
2316 9814
4225 7380
5711 6232
5772 7511
8223 6856
9073 209
2732 4689
4828 1377
7467 9505
2288 4533
362 3619
5173 390
4338 5539
8018 7761
2918 1034
