8730
3428 5225
4743 9030
1878 9717
8080 9327
795 1489
9762 6701
1727 5441
1832 9682
8364 4492
1798 8190
4321 8756
1482 4821
3656 5228
8354 6134
3882 2399
9307 9915
9912 668
3018 2346
6400 9411
5947 4803
1728 8952
3706 1858
5063 1457
8367 1371
3172 384
167 2003
2310 1286
8988 5302
1086 1075
6815 3973
1457 8173
1674 8094
6118 3781
5356 6520
8275 5924
8336 1071
9168 2171
9676 4869
3476 9773
5553 624
6248 2829
3312 2341
8843 6663
9463 4977
3215 32
4459 9082
6773 2344
4990 8811
4657 580
4712 7119
6803 7849
5986 3674
6737 8183
3715 6943
1906 3312
5762 4416
2683 8377
9488 8369
8218 4232
7740 7434
2709 7264
459 8967
6918 5429
5726 3931
7796 7906
4896 7749
5942 894
4131 1935
3555 9323
4381 2788
7150 5235
3829 8842
8438 8530
6471 8753
7240 6324
5730 4663
4103 7597
135 5061
39 2907
7680 2420
2060 8395
1201 9936
4765 2860
8687 7712
1051 364
872 3629
9518 6299
9112 7115
4693 3967
2632 5623
8575 2129
1428 3257
4726 1972
3414 9075
7159 9258
9310 1527
935 5155
5345 528
9604 1434
105 9510
4970 6545
58 3972
2855 494
5313 1207
4410 6142
4734 5128
8430 8774
8541 778
1391 6250
1487 1014
4470 6290
5001 7165
8111 3762
5074 3922
3498 281
4314 5461
9438 4715
742 741
9246 223
4265 8950
7316 9602
2530 2551
8103 7458
783 7206
4473 3926
7655 1229
7354 1399
7802 9107
1996 981
4870 3021
1679 9004
4623 2374
3844 8444
9701 7648
6041 8819
5567 1337
3157 83
2435 5786
6802 4419
2212 2802
4369 4186
6355 6105
2511 7581
523 5707
4886 8824
8581 5029
3332 8978
6613 9689
5500 270
2093 4329
6681 5342
9124 5044
2253 1773
9502 3909
7821 5198
9362 9051
2083 5980
2491 1879
9363 1343
5249 9101
5568 4973
756 9539
4296 7881
8050 4057
154 8738
1454 7440
8355 656
6716 9559
173 8848
256 3712
7517 4545
3088 6322
7511 8821
6440 2678
7067 5126
7550 3198
4456 1931
7975 495
7568 6524
1791 1844
9282 5073
9440 3011
2282 9517
3266 2259
8301 2654
3813 8926
9040 9663
1790 5606
2405 1201
3085 7640
7327 5330
4364 7423
464 3226
9155 5066
966 7230
9588 1249
7737 3778
2243 1940
6383 7130
892 1655
3054 3934
4157 1495
7255 3898
6136 6677
2832 7946
9358 822
2242 8018
7464 6673
1310 1376
1977 5180
6621 2456
7497 8293
1051 2326
9121 3970
4670 3957
9738 7005
4209 9147
2451 9164
3024 7287
1740 1249
7669 4849
5918 4306
8543 2761
9369 2393
6361 7177
8900 3521
3734 3875
425 6656
3984 1581
488 8181
7641 7604
7904 7686
1715 3609
2988 7644
6380 1992
5121 9458
5579 3236
7268 8512
8525 3463
8452 5206
8866 3349
3104 1171
2058 890
2194 338
6521 7707
9748 8010
5261 3547
402 320
2060 8928
8015 3194
3243 8533
1482 9922
7141 3248
9489 6250
1136 4666
137 7959
2532 9363
2321 1438
9452 8948
9941 7910
4433 8359
9480 2510
2451 5772
6962 3654
7708 4752
1917 342
1219 2979
1580 2993
8508 26
5780 2790
4869 2982
761 5066
1431 9690
742 3562
4901 7168
8424 5822
2134 4026
3574 1150
4779 5946
9682 1624
7237 6881
4204 253
9874 8784
1861 3112
7561 2547
2823 8323
4336 5996
6038 4872
5221 5800
1458 2699
4029 2728
7137 8623
4651 6040
6813 4627
6711 8671
6086 3946
4491 3638
6271 1612
1238 4647
3793 4465
8914 6788
7334 177
4629 2305
2353 7751
3955 7450
6626 5230
5823 2292
1063 1095
3861 9889
4909 1521
3284 6444
2359 9107
3916 724
9163 6367
9956 7621
6179 8608
589 930
5159 4188
5910 2980
2211 3455
1085 7570
6487 6625
1263 9867
6994 3414
2817 9752
8159 7882
6688 8227
1638 6489
9053 6451
343 1076
2145 7483
1263 2921
7489 3953
3570 7331
9444 3938
4350 2023
2397 7733
5702 7695
7837 5794
5820 1220
2709 6413
8522 6948
3530 2605
1621 2639
4702 6295
9178 7346
1271 7829
8361 9590
993 3503
3967 3848
6758 1266
6931 6235
4086 3121
3844 9546
333 2446
5209 4659
5916 678
8369 9155
7842 1402
1413 6903
6510 2127
1174 2654
4481 3897
5649 1647
3896 6098
8157 7487
5021 3995
7922 3702
9246 5458
4778 827
4321 1269
4686 7804
6231 2272
7146 1863
1382 2047
2919 5453
8722 4909
7053 5864
5952 716
2038 4012
6998 6929
6887 1553
1028 1675
8363 6498
1858 3088
83 7700
1235 3064
4589 1045
1786 1449
4383 397
8367 9639
7602 154
691 313
637 9712
2724 2701
6644 8082
559 5817
5342 1804
3899 4034
5845 4701
4118 2757
508 6938
8061 6123
1753 4495
7487 4842
1240 4793
4489 982
9439 8047
9162 2001
5655 150
4302 9522
4683 2220
5066 500
9007 2941
6741 249
1585 1467
3942 7950
4673 5360
4588 7429
5802 4335
1329 4589
4944 4379
6650 3405
4035 1204
2924 7047
2233 3085
9863 5766
2014 1619
5037 2835
2973 84
5536 9525
8635 8192
9762 5260
6144 8602
5436 3408
2041 3619
4434 8010
6524 9415
9996 3131
7448 7039
3219 574
2304 3677
2427 4791
1647 701
3110 4496
9786 6925
7609 4602
1180 390
7490 7833
4404 1504
1203 3337
1285 4270
5078 4996
5932 406
7853 9002
6514 4454
3960 2771
3896 9006
4522 7006
7545 7698
5423 3598
7860 8114
921 4072
1507 771
7094 3511
5476 4389
9970 9805
5352 2215
4190 6244
3547 858
6436 272
1524 2053
9997 6128
9787 2285
9974 519
4937 409
1993 2868
8081 8229
3088 7248
7433 4991
7585 7435
5246 7956
8125 9232
4227 2233
7612 9216
8173 8142
3591 9461
6060 9817
6200 2010
9901 2366
2833 2750
667 6197
1352 2564
4757 4192
321 8963
4104 8708
8287 2261
3892 2157
760 6984
1106 3357
8714 9913
1974 3777
3311 6703
2016 5904
9875 4213
6067 4633
4095 8925
6930 7601
1949 5972
8582 9856
1107 7608
6223 4552
73 5682
640 3124
2092 8892
4572 2063
4189 3737
585 5254
1841 8385
4418 3636
3379 1687
904 5301
4745 7378
1166 9607
399 352
3240 8712
4405 1099
8993 8613
1134 6863
4718 7298
2432 3920
8166 5301
331 1026
663 2559
415 4237
5804 2082
2554 538
3923 9484
9732 9848
6179 7417
7820 9431
5559 9005
710 1609
88 6309
1356 4783
9952 4678
5967 3323
8051 3645
7065 1831
9319 6861
9472 9615
4855 4393
3998 1606
1195 3363
2204 9125
1901 7297
121 887
3979 4886
4718 707
523 7972
5791 5789
7860 2921
9211 1165
2809 5599
7940 5218
7135 8833
5205 805
1873 6305
3427 7832
4501 1201
7253 3036
5390 2537
3554 9501
6784 4042
8468 3696
6081 565
580 5894
7535 9000
3547 6119
1373 3409
4467 875
9636 2665
1124 8981
6604 4517
3835 5216
6105 7868
8913 8419
87 8170
3208 7488
9848 8833
4797 522
4548 1523
9247 2612
5281 9598
1285 2629
5057 7014
7483 1484
5172 1310
2264 8974
7546 1269
2812 1568
9958 8
8167 7390
4667 2605
2359 3464
9239 7122
2024 4606
3110 451
7053 7660
2499 1440
8161 2543
3494 9793
2351 437
7946 1396
8073 8448
1344 7908
4169 9808
2722 7369
9073 1746
1612 6249
7175 9862
2448 6268
1655 5365
1744 3997
2448 5599
5062 3743
4083 1966
6076 4116
9875 7288
7828 5266
6219 7550
8712 8315
2508 2112
2291 2221
2739 9110
5432 4028
9587 5707
9313 8490
5860 7830
2548 8847
5908 8780
9043 9627
5234 6537
1429 8726
1133 989
8149 5104
1438 6347
5428 437
5397 8446
8619 8179
2031 5684
7860 5812
9035 5252
4723 2273
9549 9762
1947 5730
4971 7796
9441 8454
4250 7040
7809 9
2618 9176
9874 2072
5718 6356
6952 8924
4952 7258
3906 1715
2944 7782
8958 2961
6278 1265
18 6482
6482 5918
8265 199
5158 6255
9953 2764
226 4325
7012 8851
8139 777
7750 6392
1271 6964
4378 2227
4349 6285
4314 5024
9156 5929
723 5928
7166 8257
1332 1809
192 6178
3136 4217
6328 6417
7257 2832
2526 3951
1852 3638
719 4584
8507 7115
5150 7100
7882 2736
9402 9706
7144 4769
8209 9409
3555 9630
4214 8665
3190 8803
9216 9782
7981 9451
842 8106
4867 8033
3649 281
3283 2908
9764 2918
6489 3028
5312 5581
1109 2890
2492 3913
4791 4049
8043 7304
2282 2698
5695 7196
31 5421
9622 9999
8134 9768
4003 9128
7666 9566
8683 625
3518 4921
4071 6345
6741 680
5005 9612
8365 1144
7473 6743
7888 4652
7124 4722
4039 5870
3 1818
1072 2716
4790 2861
2255 192
5631 6940
6545 8822
1689 6767
8220 6262
1032 595
5140 2073
8989 5691
6929 6457
2366 1304
5356 6812
3984 2761
942 1854
1084 8691
6780 2243
1068 1716
3513 9726
9303 4546
4895 8120
4460 451
2841 3217
2048 1552
3243 2160
4034 3362
1520 986
3047 9733
5402 155
730 5236
6540 8514
989 1590
7406 3031
3886 9621
1291 9787
1023 1210
550 2393
6301 7832
4046 6212
2909 5773
8054 258
801 9017
3903 4766
391 3504
2728 9859
5318 4906
7437 9984
4642 8787
1568 1199
7452 6757
9353 3770
2182 9845
4976 3537
4498 8588
3167 6269
1169 3224
7797 2457
4048 8067
4693 6427
8016 7342
5835 798
9844 8335
4 4817
2028 3066
4071 5807
9735 748
6608 6738
4958 6067
3905 7945
976 4090
6656 5883
3459 21
4573 9489
9834 3886
8920 3404
3858 6219
3051 5088
566 8268
8208 1291
8240 2380
2064 3859
3997 1648
489 2514
3436 1584
6628 5516
1671 9768
4626 3554
6488 1349
6221 9070
2757 4293
6509 9120
6314 6574
697 4741
4562 1229
170 5637
2756 8304
1060 7813
6219 5344
5113 8597
5887 4819
3093 127
8242 5945
8521 5153
4855 3820
6338 5221
6473 3104
5743 5749
1868 7845
3459 6039
8634 186
6874 248
4691 7489
6914 7859
3308 6090
4920 4270
370 9831
50 7491
2084 4280
7314 77
3565 7990
1696 4264
969 6422
689 7673
4176 5294
1659 8262
2361 6109
1538 6118
2391 1758
8963 812
6317 9447
1101 993
2583 4641
2414 7143
2368 5634
5625 2968
6470 8819
5447 9895
5742 6811
1690 3179
3769 7279
5227 9434
7050 5089
6737 2092
64 145
4913 7790
9593 686
3899 299
6063 7202
3647 3255
9144 4659
8024 7434
1943 151
6092 9948
5874 7065
5389 5901
6954 9228
4492 2021
5271 5495
1382 5428
6884 7724
7139 475
5571 8015
987 426
5146 7206
2153 7822
5130 9807
9119 3470
7205 4873
9661 9631
5512 6737
6925 5644
7161 1592
9074 4486
9800 5310
1443 7162
4037 3774
7511 8100
6125 8894
1902 9831
5626 8703
6111 913
5747 3879
6417 5413
5551 2168
4138 2560
7098 623
9521 4652
1550 9609
3427 4715
4950 1222
8300 5533
432 6389
4147 1550
6543 8051
5551 2699
4662 7792
9053 7600
3168 921
7922 4702
3193 4581
4122 6165
9013 7689
3106 8881
4350 1886
6176 3206
7338 5138
515 7086
5263 3098
8949 7574
5217 8167
8215 9071
4245 1795
8141 9079
8996 4845
8067 2593
4638 6339
7126 1901
8161 1116
7686 3929
2892 6015
5391 6862
1149 4609
5186 5106
3107 3652
5750 4005
6739 937
2051 7346
6304 7500
5231 1102
1252 6630
7614 3089
4464 4780
4990 3819
7167 8617
9804 5698
8190 8276
8414 5053
2400 2370
3572 1803
3552 9577
2595 5028
4285 8981
3920 9527
7683 9005
5061 5626
2960 5451
6681 510
6469 8418
4060 1190
7748 8476
1425 5123
1700 4297
1254 1293
5556 7473
1770 1289
377 1619
921 1774
7707 3559
1689 3481
3823 3987
721 4304
9947 3552
955 2432
3547 8112
9027 5708
6450 4962
1970 2574
5556 4289
3556 6583
9715 1021
1813 1495
1133 1164
8500 24
129 6376
9960 7264
7246 1823
8429 2357
3065 615
3346 376
6541 9367
7230 2182
9851 1426
267 9935
2661 2918
1312 9136
4031 2091
8385 8314
3747 2538
5447 2466
1927 9513
15 5069
934 7189
8584 4950
3917 6188
9882 7701
9453 2595
9171 8005
7315 9200
6432 2321
8805 6807
225 8555
9969 8223
7588 4140
1357 7680
7257 260
71 3673
3055 1227
7757 4543
6342 5599
3586 1306
4217 4115
914 2049
2785 2946
6346 1703
8148 3723
6370 777
4416 6441
7712 4639
3397 9565
8198 347
701 6214
6661 1074
5344 5653
7527 8402
3884 2439
7819 9503
3789 9626
6776 748
7092 8453
2772 824
3915 144
9086 5600
5742 2960
8117 5169
3332 5514
8357 1065
5205 6751
6054 2147
4933 477
4219 2471
5541 6937
8618 4054
1670 1577
5522 3043
1377 3465
1483 5580
1166 9152
2958 6805
7357 1109
3447 3371
4566 8932
946 1385
9734 9230
787 2507
6293 7605
9117 8426
8312 7901
8478 4751
8839 8496
9409 2268
4827 7457
2089 6371
417 4460
2842 3032
8055 8953
725 3667
6606 7073
6507 1309
4928 9004
8945 8436
9401 5222
5683 2996
8700 8679
4148 2773
4174 5787
4626 4567
3858 9781
8861 7184
2273 8691
659 9736
4444 3614
7766 9610
3053 1092
971 1252
5124 6525
5069 137
7069 686
3909 1055
3588 6060
7590 602
1308 6700
6570 6885
2424 7974
5632 9824
4576 8393
4346 3629
479 7974
6382 7384
9276 9696
6327 1792
2982 3801
5276 7925
8921 5348
4620 9877
5540 4052
3614 6531
7420 4166
8812 4758
1688 5581
471 1108
8206 1753
4036 3239
2842 1694
9080 4454
2997 7189
8231 4533
4492 363
5113 8039
8314 5427
2436 5427
3791 5456
8511 3330
9704 4682
6532 5817
7695 4740
4658 3231
3747 5867
1097 5297
8313 6629
4132 4119
3318 3188
4799 8526
449 278
8571 2316
8991 778
7780 8344
2076 8066
7599 4897
9392 5638
8199 2383
5368 3631
434 5887
9547 9352
8516 7149
4767 3613
4750 2230
6062 4858
4718 71
6668 7631
8180 2980
7025 1456
1314 1859
4661 2718
1715 8158
9302 9523
3993 288
3859 4149
9657 4125
9243 5370
5989 8214
7804 5095
8303 723
1955 1694
7922 1743
4776 2209
3892 1292
7307 8919
905 5286
8074 1738
1616 2507
7238 9583
185 3283
3261 6375
9765 832
1142 4304
8647 5600
381 4401
2447 163
1860 3988
8465 5740
9153 3281
9833 94
3554 7663
4179 4364
1237 9243
2652 4919
5384 8668
7334 2242
642 6191
8034 3917
6351 1995
4781 6183
8001 856
8368 5716
9201 1129
2484 4862
1359 406
8769 9120
5835 2337
6139 8936
3352 3324
3555 6696
7544 5407
5065 3708
1738 6163
3158 7982
4159 2987
5055 7471
1776 6506
5124 7101
1424 5786
6446 4605
3662 1925
7999 7000
6757 5523
9924 6596
1939 5944
7153 8492
8184 700
1360 8298
2169 8615
6447 6540
6833 9230
8313 6644
4696 9901
8918 1502
1464 9625
6006 5735
5516 1937
4942 4085
6765 7151
6419 1308
4722 9359
5912 4403
1777 350
6707 7086
9539 1057
2363 6640
2831 1505
9625 2974
7847 3200
6007 8053
1515 6327
7379 9473
5893 2471
671 47
3066 6243
7544 9047
7479 3733
6150 4261
2122 5113
2474 4237
3846 806
9005 8403
5097 8784
3814 9066
9361 9694
7284 8279
7012 3063
2515 7789
2038 803
3091 3464
7832 8151
1829 8799
5662 4837
5404 8475
3367 4029
6758 9470
7010 6888
4225 731
9624 9281
3909 4073
6432 70
4974 963
7379 1805
3378 1185
4761 6301
9788 7814
1632 3968
7254 8604
1387 9928
3573 9561
1706 8400
2635 4939
2403 4013
876 1631
3195 6891
7654 2227
6021 1463
5004 4855
4502 4007
6048 7365
7703 9574
2110 2873
8636 3552
9436 5979
7398 9408
5226 5275
9208 2860
4705 2183
1415 1022
3671 553
2433 3262
8509 5831
8079 8513
2028 9116
8614 4079
1381 8338
731 687
2104 7783
5264 9442
6916 8232
1011 7710
5815 2462
868 3453
3842 8461
4631 584
210 4938
2728 1475
7434 8684
5116 8936
8310 7453
3675 3864
446 5352
4365 1258
4388 4893
5829 1553
8377 7884
3484 9443
8798 6543
3553 4745
3656 7008
1154 6200
8903 362
8170 6345
6728 4709
894 9243
9906 659
3216 6432
6547 4874
5393 4908
1876 9059
9887 5155
3922 2016
6546 4713
2137 3848
1929 9654
8031 6600
91 2632
9243 9200
378 3444
9293 7816
3591 596
3268 1097
7402 7507
6948 70
5468 2133
5549 8190
1616 9385
7751 9524
9199 8252
9771 7466
6069 1385
9920 7319
1350 1445
4605 1935
7849 8554
5287 2802
6723 1747
9668 9833
1111 6923
2785 8001
7689 2872
4818 4231
4350 4689
7563 8039
7178 6765
3774 7744
3641 6245
3127 8452
1567 2035
5193 8207
520 6901
6300 5413
4429 5899
3912 6053
1084 2998
2344 7570
1214 4904
3693 4973
5094 236
6640 1735
2948 2318
7658 6182
2334 2357
3495 2844
179 9880
7266 5279
8695 1781
9761 7938
7295 8298
8265 3603
4746 9653
6827 723
9671 5868
5847 4713
7574 1410
3104 7351
3238 450
7070 1737
7074 6774
2656 3488
2366 3013
9762 6597
7544 5932
4558 7568
966 750
5733 7117
8081 334
6775 5710
2552 2730
3887 5403
1167 524
6762 496
1435 8086
4802 1814
614 7798
867 8458
8068 8369
6734 9996
5032 5629
8410 5345
3925 3670
2064 5837
6638 1218
3384 2456
8428 9505
7370 8341
113 7631
2673 7084
1810 9939
5825 3325
5282 4035
8502 9838
7069 7977
6943 3564
6972 586
2891 313
2926 2435
1094 9511
1475 6258
3464 4485
9683 5098
4623 565
2604 1420
8944 9664
9567 5923
6135 5915
4093 3696
5012 3368
5058 1142
1342 143
3816 367
3126 808
6134 5803
602 1037
7308 3890
8585 6874
8470 5539
6268 3909
1488 1770
3092 9761
1163 904
8372 2703
7832 5588
51 1675
9362 6063
6211 7197
7983 3665
2097 618
8299 2468
2691 2399
9698 7629
1616 146
787 9612
1885 7611
9158 7288
354 1402
4387 8200
1903 1855
3601 5807
4265 6092
8253 7511
4293 8416
8083 8187
5163 4149
5191 2379
6776 1223
8359 4593
2789 2192
3811 1995
5774 6696
3895 4902
4440 8002
850 3095
2484 9736
7033 7216
6119 8233
7510 9595
9785 1187
6193 7688
9963 3332
1775 2627
1248 1741
3424 6135
5822 4690
9285 324
2044 6131
2576 2970
1020 9938
9532 7488
5360 1500
2416 8607
4150 4483
9743 3641
4144 5063
2569 6103
1289 7449
8582 5062
6518 9578
101 3205
7774 4502
7512 4405
4574 9199
3350 3643
9142 5423
8442 3475
4036 3640
3708 8953
9840 3941
2266 9298
3474 1694
5993 9139
2127 8116
18 2000
9447 4178
3497 1362
617 3224
9100 7321
6702 7941
9257 8442
3151 2355
4106 4981
4305 3218
4538 9588
793 5036
6000 550
7127 4980
3318 8753
1903 9247
7655 9628
5482 254
1102 7880
1836 3070
3644 3316
6961 6377
7925 6176
529 4559
8598 9121
6222 8723
5883 5096
1187 8955
9997 1893
947 1630
5543 5607
8351 1398
9651 6906
1763 1824
7730 8044
4088 734
1107 1649
2808 235
3051 9915
1147 2850
1610 6984
5536 6664
7196 8721
8601 3542
7752 1977
3731 2035
6713 359
9397 7078
5715 7791
7821 2248
8274 1580
7698 1660
5013 2253
904 3725
573 7119
8488 5011
2323 518
3086 3915
6719 9625
6820 3908
7490 5061
9112 3172
8011 6235
6193 6591
8354 9650
8619 7886
8555 6791
2415 7233
1570 5739
3902 2072
3943 2888
1009 2993
8894 3440
6387 4174
7718 4473
3813 4944
1170 5210
3025 7738
8807 797
1879 8591
7093 4696
2913 9802
10000 8184
4870 929
5201 3963
8686 130
9982 1930
1165 2189
8258 1292
6962 2464
8919 2284
644 3567
2615 3134
4200 3464
9808 6484
8153 7671
7951 8453
8 6301
870 6459
8501 3692
6748 6881
2770 2719
8184 542
2875 5715
5223 2435
4967 5420
7010 7257
2132 7139
1241 6967
1148 7893
6886 3697
3300 7253
5834 9801
7227 1327
9666 2693
277 3463
2252 5354
4508 7443
6936 6904
4010 4618
6992 8807
9884 2066
8700 6221
1944 9708
2794 5815
6253 6273
2282 8565
987 9721
485 1442
1830 6799
7759 1700
9060 9535
1161 8557
3608 3960
4059 7800
7050 9992
5437 4271
4836 5907
2260 5292
5708 4411
4355 7054
1278 78
9523 5559
7505 9009
5474 1709
6463 2595
4108 6050
360 4363
8529 1951
6154 3149
5318 2155
885 4752
8076 9888
3142 3044
394 5974
7106 1198
5151 7381
5838 1121
3597 82
8224 7924
4765 756
1486 1828
7023 3635
2789 4892
8003 1259
1293 9340
5195 39
8362 12
4800 6293
259 8121
4287 6038
489 2711
4662 6809
6578 8456
7999 2534
26 1869
5822 6638
1709 5841
3433 5830
5935 2266
9660 874
7285 1178
5602 2449
767 1163
1084 7261
6214 1283
9074 4131
8425 4518
7654 2555
6182 9256
2432 747
8828 8620
8197 1098
819 7085
3139 7437
1315 614
5773 1185
2594 1100
6518 558
982 1754
6119 7432
7889 4381
9627 7632
2441 4395
7889 2515
3399 9548
8224 2814
6628 5156
4682 1985
4775 8269
802 1972
8140 8654
872 7199
9622 9741
9386 6604
2806 4747
8412 7458
7519 6549
5195 5392
7890 9775
6884 4152
9483 1474
4609 9647
3651 4079
4674 1866
9729 4389
2200 102
5213 439
3004 3752
3233 7836
4849 3803
5794 2224
708 7055
1633 3207
5742 1387
4128 3156
7630 4014
6987 6349
3050 6226
280 807
2472 1515
2684 1617
4815 8905
5826 7083
4876 4145
6991 6248
7309 2328
2773 63
9658 598
5222 1822
868 4099
8511 6351
2027 8408
5766 4626
9377 4216
7142 7318
3924 3409
981 2547
5391 7589
8684 211
3595 3001
7228 437
227 2238
8506 8020
4733 4782
50 3663
8314 1631
2506 1480
570 2148
2128 6871
1934 6857
8653 3265
1169 3664
8611 7218
7229 3174
8702 3026
1303 9345
140 3859
5109 5844
165 174
9257 5673
4933 8353
7941 8830
6624 6036
9754 8388
500 8558
5118 1475
7942 592
1109 7800
1333 2732
970 6293
6589 2330
1254 6604
6681 9111
3925 2494
1277 8781
5838 2794
4371 5592
9976 5948
1429 7558
5714 4022
1310 9321
4516 8532
6194 5833
1974 1771
8889 8703
363 43
9361 8872
6243 5851
6288 8768
5705 5912
3305 91
7889 9164
765 8254
1906 5196
5383 2506
5474 8551
7913 1396
4518 8935
9634 3895
9526 4998
5545 6215
1811 7216
3431 9669
4032 4986
6925 9182
8410 73
7981 6664
7406 3346
647 5754
8856 784
2711 1660
5477 6727
9652 8125
1711 5923
9675 9735
8351 2636
6533 733
1657 5630
5696 9347
6856 1459
3 6072
8609 9950
6691 9635
9818 5530
8361 331
102 8211
2522 6030
1497 3287
7845 9488
2721 6713
6996 7592
9451 568
1979 8749
9591 5499
3877 6599
8069 5732
8170 4978
4689 8245
5559 5672
7789 7328
1972 9115
6804 2422
718 384
5968 1319
9868 1811
6852 436
9460 5281
8631 474
184 5704
3000 6350
8397 1289
9494 682
9348 9274
145 6637
9457 1268
5674 3360
5059 7460
5496 3529
312 7724
9120 3897
6715 1052
9460 8643
4803 6761
5341 8415
6762 4790
6449 7726
7294 6488
2622 4837
7437 8111
7331 6384
1849 9288
6110 3965
3467 5402
2006 2490
6260 858
2098 9128
2364 4702
464 2657
3531 7465
3760 6469
2831 6452
5123 3086
6139 215
6232 5872
2873 5852
7992 2623
5085 5711
2449 3229
7369 5788
645 5502
4375 8836
2811 9787
4653 5891
344 3028
2416 5713
9748 7154
3273 123
4863 5342
6436 8861
7169 8051
8520 5795
7317 898
7574 350
1749 600
9994 4282
5219 1854
9747 3761
3969 3788
3536 5747
1119 1316
3723 1229
4020 8485
8233 6948
7556 3178
6027 629
4756 1215
121 1541
8556 4537
454 269
2641 2468
6151 2810
6297 6323
8593 1985
880 3931
8731 5974
5055 2140
8006 8697
142 601
7651 1526
9760 2379
3185 1304
99 9281
7043 7662
5793 6067
6606 3639
5514 7939
6778 8698
5731 3916
6586 89
5427 5810
1401 6113
9286 7785
3394 8006
8899 9165
4383 8715
4521 5389
2320 8440
3174 5966
1372 1592
302 5171
335 3689
9978 4032
3934 1943
2166 9663
5127 8898
8538 1624
374 4509
8868 9270
883 6799
490 9645
2617 5085
260 5256
6132 8185
1451 7312
3056 7848
9216 4017
8601 3761
2019 4322
9825 2250
3099 4074
2072 2007
4942 8273
9260 7148
9608 4095
4229 9338
8565 4711
1295 2463
7835 6177
6183 9738
5689 2581
3173 4925
6950 5496
3505 9370
1875 3891
4809 8614
8016 2656
1592 7177
531 7437
5204 9436
5398 9957
2578 3256
5286 929
3669 884
3542 1078
8313 7218
7095 1630
9685 7651
1397 792
7630 3200
1493 375
4900 131
566 7434
971 880
483 2773
2774 9232
9289 4254
5961 2619
7920 1503
8126 4072
3681 8958
6204 4091
3944 4270
5513 4302
1534 9416
9001 5803
6551 5195
750 5258
7883 8407
4859 7810
6641 2211
4647 3352
83 4194
7357 7990
4651 7157
4182 1402
1350 5250
1484 8019
5631 621
8975 8280
855 9235
5318 2732
8716 6111
3696 659
1789 3895
6932 2796
9725 1013
4782 943
8363 1153
1186 6612
7608 9511
1974 8518
6725 7978
1949 8233
7206 9363
311 1375
8385 2644
3249 4245
3168 4012
1320 1472
9300 6615
4930 2360
4861 561
5243 2029
9946 3440
3936 6569
8126 8500
3490 4356
4409 4537
3906 7067
45 4176
3453 5254
9398 3736
3556 630
4260 6034
3913 6257
3097 1035
2593 1318
6305 2780
4908 7830
6764 2933
9350 1290
7112 1007
5245 4151
246 2049
4611 5782
1751 404
7337 9891
8664 1520
3765 8503
4104 3115
9175 518
2324 451
8574 9747
9003 7260
9158 7521
2943 6000
3410 3304
4031 3689
2037 3440
6992 7588
5513 1789
6150 5315
8896 4671
1701 1701
5427 1091
200 270
170 8020
1209 2368
1427 595
6465 1767
1919 7931
6676 7149
680 4282
4197 127
3937 8060
3168 2122
964 2649
3807 6427
2006 3752
2957 8595
4641 8317
3273 2879
9329 1062
7286 9664
6848 5488
9528 319
6122 2497
5864 9599
4846 1521
4820 2545
9236 6499
9279 369
3483 777
3842 7641
2908 699
8267 2484
3529 63
4430 200
3353 2515
6135 3457
8868 1716
4593 5500
9644 2584
8709 9763
4684 6285
1461 3647
6145 626
5696 5169
2756 4452
7267 199
3480 7145
5751 5707
5014 7163
37 315
3545 8253
6053 5654
381 8781
8429 378
7923 7218
455 2539
2480 5747
6823 5094
6930 2896
774 3290
7872 8517
1928 1157
2081 2328
4998 659
8344 3151
6766 4968
6843 3561
1952 9346
5996 6773
7848 3489
9676 8178
3982 8437
6337 3017
693 3056
1040 1763
4971 5126
4157 6821
1153 7064
8690 3859
805 8130
2894 552
6291 3051
1808 1363
5981 3415
6327 5884
1707 6328
4906 7534
5035 9635
8787 6330
592 8339
8371 6032
2126 2467
9453 9840
2714 1448
8930 2991
1497 8173
1797 3245
8711 498
8425 6786
7557 7475
3190 7531
7254 6845
5673 356
9029 1978
7065 4111
8281 4600
3406 3226
5487 2685
4824 5466
9776 2277
2869 8407
9682 1212
5110 7687
6850 9608
209 4427
8940 2105
2146 5350
5596 6265
4025 8769
4217 1610
7164 6499
1995 7286
5424 5528
9191 4580
1154 5560
8490 2769
1511 5293
8852 5816
3503 5225
9865 1940
7326 3696
1124 9200
716 9011
6650 901
7966 6907
5652 3153
7485 8695
4195 850
9452 7342
1094 9962
3588 7419
4691 4638
8384 1032
6422 5137
2001 8579
6087 5071
6028 2342
3011 1889
4935 2639
2408 7199
779 3862
4780 6589
3502 1465
7164 3865
8836 9218
7023 3956
7376 4674
3808 1098
8476 9560
3139 6901
4116 2841
8518 2307
6391 9295
6338 2445
2231 2804
7570 4235
8174 4462
8537 6668
3703 7878
3956 6606
6320 9016
7004 2387
3926 7368
6007 3466
4717 9455
1220 2832
2119 8781
81 2416
3072 5857
6727 7297
1886 3406
5151 6451
7677 623
1768 9706
4948 5096
2948 6854
430 4442
6961 7585
8693 3524
8930 7971
6986 2829
1972 7625
4706 8671
8921 2008
2235 2057
6265 9897
912 2279
5310 4308
631 4702
2743 77
5610 1132
64 903
6450 8848
4128 3094
9121 4578
7884 9688
8644 5989
9459 4368
5410 5746
6318 9580
6993 8879
7885 8115
9133 2678
4766 6079
8229 2690
6313 8601
2914 4781
9392 45
3105 161
419 2515
6854 2263
5392 4045
3584 9426
6816 1156
6308 3815
3595 2253
2518 5949
9615 5665
3057 9870
9692 5352
2183 2825
8172 2571
8651 9215
7836 7376
5186 7364
1231 3013
3473 3675
8957 6497
8357 2603
4003 6494
3803 4462
8719 2701
2508 5439
2089 9562
2352 76
1989 9135
8238 1625
2380 9770
3541 6220
5915 7522
4115 8028
7773 1400
3820 8324
1560 8011
138 5260
161 7129
1300 4085
590 1298
8077 1115
3666 2332
5534 7051
6460 1270
6751 5155
6578 64
3803 268
5663 9445
8528 7730
9301 6014
5503 4765
7459 8515
7732 6783
1734 7616
492 749
3800 7140
6449 8622
9448 5474
343 4000
7254 6724
579 2376
301 7265
1975 7346
7788 928
4867 3512
5991 313
943 6843
27 5114
5827 752
4448 8118
2805 8519
9810 1824
9125 3215
356 6999
2757 9123
8240 1219
3503 7563
7643 6006
7016 185
8666 8915
8633 5966
6864 683
3220 7937
1819 3859
4700 3399
7895 9457
29 2142
7224 3210
7047 4584
3606 2682
4952 7129
2382 1643
3698 626
2578 5902
3283 1300
421 3388
8337 4382
9303 3053
4167 1924
3763 2191
8491 7041
2400 7768
1862 2473
8663 9372
4486 853
6331 6586
1863 5836
5832 9699
7215 1313
7572 2859
1051 9409
8369 2545
639 3361
1309 7869
7732 2137
2388 5085
4529 1978
3466 1861
7307 5687
7037 5907
3565 1150
1340 4864
7071 2526
9066 659
1874 4841
5200 4884
7484 6652
7248 2457
6612 4051
7130 655
2738 3096
9774 8780
7385 3381
2352 1440
9614 7314
3347 8536
5770 6340
446 9816
2722 9706
6668 1158
3576 8843
3928 656
3959 8352
7501 3000
5633 7637
603 8493
3357 4673
8920 5288
7708 8004
6999 2557
860 3452
1864 124
2031 5924
9046 428
1171 6637
9799 8663
6396 9094
9473 8022
8521 3983
6856 2151
1752 8947
7423 2091
2176 5577
2699 7473
4410 7157
1948 9856
7409 9424
4636 7269
8069 2134
5665 3638
6055 4101
4834 3989
7331 4341
3645 2243
8318 9987
540 458
4660 8711
5493 2556
9630 8458
1055 2761
9147 745
9912 7137
6052 3335
4362 7289
2772 2386
1881 1224
9589 2098
3196 2985
414 5403
5512 869
4754 9910
9351 1828
1034 6249
6237 3595
704 9460
376 4133
7894 2954
4394 2184
9121 63
8419 8374
3601 6192
7408 5972
3862 4682
8169 2634
4343 3110
197 3356
737 433
2600 715
512 1222
3703 2493
8603 4648
6209 2763
2432 3254
4086 9428
2958 4709
8957 6743
753 8152
9383 5667
661 5169
2774 9060
8274 3934
9535 7440
5311 20
1118 4577
9048 9172
8970 6494
1972 9715
6475 2808
473 1321
7300 9053
1824 2065
5361 7776
9505 698
6720 3523
5674 3297
9993 7247
151 5927
2367 5057
7658 9124
9282 5380
6701 5507
3225 1271
7581 9322
3557 5455
3022 4959
521 4198
817 5954
6075 8688
3641 9533
4999 4796
8376 198
6521 295
1035 1844
8903 6297
9978 1464
9723 197
5177 4670
1014 5812
8199 8162
8417 2646
4458 101
2388 4064
5344 5919
8152 903
9025 2586
7155 774
8880 1387
9915 2456
2070 4230
7918 2332
7466 5535
5365 718
7670 8012
6406 2859
2073 3384
2031 987
7439 3484
4290 4478
9385 1499
1260 6171
7225 6680
1848 3748
6579 7244
7575 4442
7663 5339
5404 3339
5750 9139
5513 6585
9132 700
8671 7169
6971 2776
1723 8790
2010 8857
7412 9222
9156 3635
8572 8509
7321 1336
8789 8121
2374 893
2454 4943
6831 2273
6884 4037
8924 7100
9033 6597
8229 6713
4810 7222
1727 3544
7573 9576
495 8444
8177 6493
8175 5570
8391 5684
3705 7803
8897 5582
155 7005
7934 6345
3667 2354
9974 9221
3735 841
6661 5500
5219 8874
6634 577
645 3711
8095 4981
8962 6555
5604 4458
1787 4925
8791 4947
1114 5403
3715 9312
1729 686
3146 7468
4591 9138
901 4262
8998 7698
1145 6500
9365 8719
5555 7380
5083 3710
7260 6659
7941 5823
4965 7473
971 6514
4509 7214
7194 4069
8593 3619
2107 6150
3852 2430
9755 9168
8152 2592
3145 9620
4768 7217
2376 8522
5466 2083
2008 4810
1879 1431
8185 6239
9162 1972
9809 3147
8530 7975
5407 5560
7427 3014
8827 1037
7198 4293
6625 6317
9737 4492
4709 6947
9337 7183
8586 7099
6994 9699
6549 6767
2675 7955
5265 4875
8539 3154
8506 2538
8668 1442
5696 5635
1684 839
5899 9563
7063 604
361 7939
9447 7116
9560 4109
6528 5076
4419 2636
4403 2859
8921 2748
693 5722
296 4889
5250 1359
2401 6962
2093 4540
2196 2578
7320 3610
7902 2186
9726 3741
3932 5202
6855 7126
6255 7581
1470 3933
5525 4561
8714 8835
7043 5036
4748 825
8416 9815
5813 2961
1628 9995
86 6793
7846 1949
739 7739
8106 2596
1257 43
7424 1318
8245 4532
8487 6425
2015 1258
6311 7392
7968 9339
2981 5894
4686 9639
1914 436
8403 2096
7289 7419
4888 5335
1901 7730
9506 2859
708 1895
2458 8940
2834 3996
9326 6176
9031 5645
4696 7782
7242 2116
8394 5792
1533 5900
4256 3763
2346 3081
8846 267
3357 6992
7722 1592
5007 8689
515 473
2331 8933
1637 3510
7183 4
2829 1613
8818 8273
9436 5722
3517 8714
3561 4108
6346 1272
9089 4416
6087 6028
7651 8377
3801 2490
1601 65
2711 5186
889 6712
9873 4606
3231 8981
3847 3252
9090 1873
4059 9517
6452 35
7589 219
4808 1901
4757 7769
8953 3310
32 4405
9218 4795
6122 7825
9012 9692
2979 131
9513 1859
2578 7734
6359 7440
6646 4520
4161 8265
400 8623
5900 8177
9053 7898
4720 5347
7114 8402
1549 1193
100 6514
1907 2053
179 1489
4106 580
7982 1584
8858 9785
8859 4612
8417 17
8195 1852
6899 9061
7292 6946
3087 3455
9759 3764
6881 5270
3262 6326
7836 962
3341 3040
4448 5928
8112 6918
4467 719
9374 6161
954 6893
164 3537
8947 2241
9993 1974
1137 2627
5995 1040
7835 5544
1664 5622
1916 6767
6643 1181
9661 6248
8584 1771
4526 555
7262 7094
5568 66
329 7123
2184 1391
2533 9375
7201 5967
2890 9568
6791 3854
2918 7033
6875 4728
7441 4789
5588 5243
8413 5244
8344 8826
2681 6324
8223 1892
7402 7622
9498 3448
2691 9247
9804 8073
1799 1345
7236 2903
2651 9742
299 2742
8712 1160
923 4302
8665 8244
9582 132
9707 322
3590 7280
6778 3866
8650 9843
8362 7394
2126 4615
7580 4301
2132 4656
8408 2880
4649 1940
7563 1330
2378 5244
7326 4903
9589 6811
6598 5136
1320 353
8091 5972
2521 5686
2372 9391
9917 2038
1781 9549
9989 6986
9362 9241
186 9735
4872 6334
5058 1612
6709 2299
6683 2049
3224 6630
3669 6231
315 8199
587 7317
7660 8106
6541 1432
3960 8177
5165 3770
7960 3941
9390 3461
4867 5661
3306 9655
972 9030
8237 6810
7640 6487
9465 6202
6727 6591
8767 1649
5896 9196
7869 4
5027 5597
8303 8759
8513 4569
4399 6143
2484 5477
6158 3880
9618 3126
5565 6326
83 767
5294 8480
8700 5622
4070 5870
9301 9073
9977 6652
2816 6539
9209 153
5039 5013
2853 5630
7000 7516
4923 2371
8109 8026
9915 7275
16 7324
1056 1212
2077 446
326 7681
4359 9865
8513 331
4629 5211
716 4290
5836 7373
1403 7396
3971 6579
4292 4986
9733 6368
4148 4584
9328 971
2921 5529
3571 1696
7444 1580
8835 4851
122 6045
8313 8140
8524 9092
4999 2357
1731 8352
5835 8442
3418 9215
5089 1014
6883 9883
461 4863
6088 7621
301 611
6784 1479
3570 3616
6478 9057
8215 9957
9170 5777
3661 8221
1218 6751
9207 860
6722 2659
5203 8537
5135 7598
683 9404
9128 8229
1880 6947
8927 5195
9532 7408
2026 5350
4684 4107
6550 365
5147 2209
277 7370
4883 9121
4208 7388
3523 7749
2839 4181
7193 6784
2364 7112
2868 7631
1198 5776
1190 2543
20 8278
9077 430
1934 5644
920 2342
952 5243
9352 340
9602 3676
9053 1105
1633 4250
2181 6797
5522 6130
1829 1549
4370 9907
4721 5436
3370 6619
5298 5176
5711 8165
3654 4194
7014 5822
9881 4116
4287 9400
2208 479
6842 7752
8195 9242
7737 6609
1000 7990
7749 979
2919 3589
4503 3269
7652 6610
9385 2457
1980 1391
4565 641
9013 5369
1017 5253
1897 7899
4249 4517
101 4231
1566 5538
4076 7810
3785 6594
417 5290
7343 6024
9552 2729
280 7704
1882 6970
8987 477
5611 7293
8145 5593
2904 713
2177 9881
8340 8293
2261 6918
8754 2447
2577 3010
2942 4117
8287 1850
4331 2432
665 4150
3714 8592
704 3193
1978 3508
5674 3692
7003 8683
9630 5152
355 9426
5471 9282
5208 8723
9981 6754
841 7718
8865 7091
9896 7559
275 4654
7729 8828
7167 1726
3759 7697
5989 5496
2098 3791
831 6407
8912 7706
7464 9674
6543 2275
9339 2650
5757 2482
6840 1678
9855 7651
3323 3388
1508 8709
6300 3056
7066 7390
7307 3726
9287 9169
6552 7848
8755 7377
1364 3884
9949 5421
3587 405
178 8568
8406 6722
3321 1546
4258 557
4065 8450
4367 2921
8966 281
4318 6691
7575 9958
1083 8697
9103 9277
8194 3711
6385 348
3612 662
7257 8471
3242 4796
8728 7229
8864 9719
9228 2711
6334 8027
1972 2489
4086 6903
543 4564
3240 3673
8753 4369
1817 7237
5074 4147
2788 8631
7031 7595
7727 3046
9626 3870
407 2311
3835 829
9167 7678
7790 3246
6197 9075
9266 8429
8573 318
2802 953
8655 884
9878 1104
3397 9611
3219 2129
3073 8050
6447 5849
1409 6724
6708 4091
13 2728
6767 8098
762 1231
5015 8302
9934 9314
7815 3351
2368 1204
8653 1980
4977 5258
7506 9316
8515 7699
9215 5147
7977 1377
3241 2735
4142 9926
5496 1780
1008 2869
4170 2412
5305 8525
2091 2243
9045 8519
1365 7148
4945 7671
2599 9095
6530 687
3321 9692
8261 613
3588 6918
8017 2243
2300 7698
6970 1769
3881 5107
4678 2498
661 5631
7891 2895
7486 7292
5577 4906
2309 1934
4915 5804
9854 6390
1924 1404
5987 9375
2366 6663
1166 2689
5486 8804
5540 1358
8320 8443
2844 7484
4376 2600
6844 434
9142 141
1071 636
509 4488
5310 1436
3264 596
5855 9513
5568 4050
1952 1334
5191 7873
4894 9089
6363 7647
4974 1127
9200 2965
8239 3526
7194 938
2713 5221
7978 8548
9483 1976
204 7757
1554 9122
7458 334
3482 5363
9369 7005
1042 1934
8908 3695
7439 7550
2096 9590
2633 6764
4550 8111
7687 5463
1874 212
434 373
3256 799
9498 9804
3645 9475
9540 6800
7770 1527
5818 3556
9569 5942
4876 1071
2073 2931
4821 8941
7805 9292
2734 1668
1760 6558
6027 1872
5558 455
7215 4192
7180 7896
2357 3292
8156 9464
2777 4570
6125 2767
5286 5961
3055 9200
3430 2420
2551 6061
6933 8840
1633 3798
3541 3357
4199 4391
3766 4098
8812 4970
256 447
9669 4798
7517 7860
4249 1521
195 9159
7342 7660
3564 5706
4337 687
1348 896
7236 3388
819 1012
7488 8322
6941 1853
8631 8893
1290 4732
3828 1972
8511 1745
1465 2770
4564 6500
9709 6722
7549 3933
932 1740
8748 6668
4335 6125
7001 5318
3376 8172
9853 8453
1811 1214
2898 5165
7543 3144
9356 7810
1241 4959
2396 2586
8059 7246
8631 1393
780 3819
2171 6391
2161 6535
7154 135
4060 7636
8093 4037
4293 4050
807 2259
9790 6097
114 1336
6232 2913
7328 1789
9012 7780
1041 5081
3333 3152
9378 2217
3879 3124
992 3981
9759 809
1232 7395
4523 6146
4962 1550
8518 317
613 5883
1343 2658
8944 5088
3686 4816
8 8412
3405 2205
2403 5392
8473 6613
6843 745
7769 3077
5552 408
6127 4199
1021 8581
8928 4386
730 6425
6096 7180
8027 1908
5125 9752
3755 6479
8658 8118
5294 4541
1597 5109
6528 8281
7845 7889
6089 5466
535 4465
7301 8581
1856 5443
9748 2055
6147 1403
628 1611
3324 7176
7713 1925
6776 4041
4227 2480
4144 2658
2843 7595
7546 6443
3480 3551
5735 4880
6909 77
8030 6009
9312 8476
4132 1916
2279 5652
2362 6072
9389 7497
2171 1800
5392 4808
2072 6561
8757 4253
6837 2147
8503 3225
3174 6181
8640 8368
235 3520
3608 6829
3259 1969
8104 4386
4804 4417
9110 6111
5542 5536
3964 7871
9230 2113
6145 7012
9830 8263
7518 434
3800 7867
5267 1048
9720 8982
5767 5938
5247 3199
850 6275
6838 1575
6889 9721
3270 4220
7716 911
4372 7898
4462 93
7033 5118
7270 69
2744 8950
7542 8783
7595 4840
3442 4909
2155 1883
1710 8460
5535 997
5106 9409
9638 6823
6805 2602
4225 6450
9765 3753
3847 1575
7077 9029
4417 5423
8799 6474
228 2456
4750 9314
3682 1291
4113 5909
7262 8691
1030 2988
298 4006
1819 2496
4566 8671
9808 4739
5586 278
2716 1992
3267 771
9095 1462
1372 2299
7866 6060
6029 6316
5694 4973
8299 6457
6580 5971
1694 8768
8233 2041
1225 7372
8594 511
3544 6561
4292 5282
2492 4995
7885 6501
2557 4101
8006 353
8112 4716
4314 4925
3732 7144
2933 8041
1804 6177
3217 7601
1939 6659
7638 8964
7698 777
1649 4268
9760 8083
7283 2405
4347 4348
4254 1407
5088 4455
7658 8217
2429 953
8614 8458
7798 9186
2473 4147
6514 3669
1740 8175
6295 9501
1425 3128
325 2269
4769 4085
6620 1201
940 7830
1925 228
1932 6174
4314 4562
5862 2769
7688 3383
8216 3174
5626 3977
5498 8643
3097 7646
8177 7974
6887 4045
2178 5671
2762 4732
4901 1585
7748 8254
6528 7298
5880 3223
698 705
9353 9391
646 3951
1431 2331
4985 3319
7107 7360
7456 9101
8234 3584
5485 4448
6272 5217
5611 7960
2775 9894
9862 6664
673 4211
7363 6599
6111 58
1321 6750
6545 5737
9746 729
1450 2929
5330 5672
7257 8701
9573 2208
2748 9990
6323 1633
516 5782
4678 7101
4007 1564
6170 9134
2793 8273
5805 2882
176 2010
7251 5452
4893 794
7603 9744
5503 1774
489 251
5562 3707
9799 6843
7345 778
337 4211
857 2001
2896 7490
6932 7218
9219 1474
5682 7090
7009 9249
4245 9638
6187 845
4499 9270
9643 2774
6116 8762
51 7101
6565 6501
3639 1646
2341 4684
1271 1238
6305 4604
1851 3922
7842 3836
2038 799
3126 5340
8590 8436
5543 7821
3266 8565
640 7851
59 8793
5874 7648
5712 5308
5472 7263
5650 7735
3329 3231
5477 8882
8574 5840
3120 6001
8481 6087
5957 10
2760 9442
3730 3161
4652 3061
6948 8253
1566 6749
5466 1711
6932 2033
9244 5402
6156 1012
5867 7528
9152 9298
6101 8402
1614 5641
2149 3012
6760 6327
7123 5899
7178 7185
7047 9352
8870 8118
670 7415
4953 3448
5411 6901
5689 2412
4213 459
2970 902
3113 8776
3541 9933
9867 3743
2420 8028
725 6156
6812 5013
734 6308
8118 4149
3504 7561
4165 264
5831 7283
7858 885
9093 8738
7770 2759
110 5429
180 2792
9121 7477
7517 2484
2569 4336
4247 8900
8951 3764
2503 2780
8730 1182
4176 6210
8237 6751
6960 6479
5351 356
5873 5803
8197 330
7803 8456
7775 971
2045 4768
2053 8982
1467 8233
4236 9564
3640 3488
6597 2583
1035 6384
9297 3575
6723 4477
2703 3130
2634 8194
8816 5376
6269 7808
9363 4196
3625 2475
1995 305
3005 5911
8155 1344
5713 989
8436 3171
3685 8992
5583 8771
6999 8812
9843 7012
7331 5202
6560 3165
7210 8535
5045 7330
2256 2197
5232 3262
1064 8867
9108 3053
6911 5997
6761 1556
3226 4404
3267 5971
5134 4573
3108 757
4163 1881
7552 9547
1550 8152
7291 9800
1085 1084
7602 5995
5369 6976
5840 4621
1033 4416
7941 9591
5818 9858
9034 5562
3403 8405
8280 6816
5565 9139
4607 5767
7050 6002
9102 3414
9880 6555
47 8424
3564 5759
5745 7111
7645 8289
2022 7430
234 5167
1707 1336
5760 3596
5538 7674
7632 6338
8047 3546
3660 5636
450 8350
2528 8976
6619 3465
1260 6583
8076 6971
7359 5001
9720 9058
8582 8671
7429 2324
5729 4390
4556 2184
5466 4496
5212 1049
1459 7075
4870 662
9761 5972
7363 6589
8464 3143
3741 2268
6272 5345
3105 3132
4362 7703
3120 7997
8229 8874
2759 7359
4630 3140
4716 4508
7990 1192
5810 270
7791 4643
2624 5053
9528 7517
7935 7277
3910 1418
6608 1458
8582 2035
3716 5495
3271 7465
7752 1276
8490 7270
1434 5533
465 2461
8553 7877
2848 9583
8851 1702
9429 6509
6658 4962
7469 8476
1920 9065
3752 9019
5233 4839
1459 9385
9003 6550
6104 7649
234 615
5818 4086
6005 2599
9247 1256
6034 8162
7502 8559
7545 1923
1143 1908
9772 5845
5654 1603
295 1664
6000 9280
8623 6665
3261 2828
7975 3606
8238 330
5387 635
1843 4003
643 9494
7660 58
2536 6468
5729 2655
1413 6765
7738 4551
7054 6566
2770 2607
9918 7943
7590 6517
8732 4431
6698 134
8958 142
3296 8194
2247 7039
3106 264
262 4007
5972 1895
7678 7695
780 2419
1685 1351
3978 8970
80 5121
2925 5215
3887 3880
4003 9104
3000 9986
5800 1435
2749 4818
7924 3295
9452 7298
6640 9442
3812 6045
2075 4339
3730 9005
9213 7612
1781 8439
4994 6390
8726 3544
8007 3367
224 6847
9291 3990
3324 5364
835 2544
2624 9438
7071 7302
9829 363
4321 8824
8613 6510
5537 5045
8699 9068
8306 3799
8114 9504
3445 7055
8119 97
3253 2377
4125 8252
7175 6164
1035 8495
8544 7907
6322 9649
5695 8882
2710 1953
8560 7877
9466 3413
3489 390
2280 6849
7992 7341
3122 298
7125 8233
586 9668
5300 4185
8810 5646
8073 1513
4209 446
4053 2357
6328 1525
7771 4287
2378 2374
888 2085
8978 1232
6720 507
9325 3107
2641 1648
9951 5773
5453 9090
3646 6943
6520 4746
9257 1915
2756 895
7065 1355
6142 2935
5174 4486
6916 1278
2792 2488
8935 1518
8088 4318
8159 9337
7296 828
540 8917
8386 4720
8814 5234
9879 7864
6218 3610
8633 884
6655 4780
5399 2129
136 9171
463 5969
1772 4948
7538 440
4786 2647
6207 9374
3134 2992
6912 5855
2347 7312
6991 5345
3017 5429
9802 1530
9402 1518
9852 5526
2238 6534
4089 6964
777 4088
4823 2874
9860 9940
417 2309
5581 8666
1975 6048
5195 5665
6361 480
8363 8266
3483 6512
4980 7208
5857 9372
89 3389
642 2804
8558 7177
9414 7534
9425 2425
9187 7499
5069 861
7885 1000
7053 3248
3921 6457
8329 9261
9712 8539
7438 9591
5582 2416
9740 3220
6978 1050
1339 47
1962 2643
5246 1055
4796 6833
6004 6061
4842 4826
3419 5128
3375 3028
5769 9547
3509 751
7948 4246
7053 6412
7075 3799
9015 4094
5601 1794
9106 136
6566 6330
3122 2995
6185 6506
1024 4289
9711 4059
8084 2864
268 6374
8030 9080
7433 3503
278 32
1225 6477
943 5212
5142 5776
8792 4045
7415 271
6036 8416
4090 7126
8570 425
2661 5460
6064 4573
9829 9555
6304 2384
4549 6225
2571 5536
9925 3137
9704 8010
371 6706
8085 7410
4228 7595
9909 709
3152 3932
2367 2589
9208 5915
3147 7281
9356 6209
6641 771
7142 4816
2921 8028
3767 3586
6298 6161
3717 4147
5466 5092
8049 1944
4837 1578
1648 7577
6056 2614
9703 261
8424 4724
7580 6622
9807 3926
66 6936
3275 8267
2907 3691
7129 2716
6333 4281
9907 696
5841 3695
9461 260
2705 2175
164 3618
1596 4944
8858 4402
3141 8024
3317 8567
2421 6977
1880 3595
7133 5359
7593 630
2400 4347
9722 6109
5300 4710
7801 3564
7943 5593
1657 8797
4462 279
9116 7445
8028 2958
3733 4463
586 6638
1699 7008
9316 3276
3909 8422
4475 7785
7781 1417
9760 5066
859 1089
8038 1819
7140 2325
749 7692
6179 8135
7527 7882
8850 9818
6372 717
6971 7310
3558 4672
6075 7774
1638 3043
7634 9220
9827 752
5243 2998
305 7715
2002 8231
7 4612
5841 4519
1155 8105
688 7105
1090 5060
2495 2463
2666 307
3618 746
7216 3008
6910 6376
2363 1520
4655 5482
8286 516
2472 3638
8398 124
9766 5088
579 1233
3032 8793
8995 8732
2010 4832
6542 3773
8963 1611
789 6964
1899 2742
3237 8811
6421 5541
4732 5483
9326 6751
5754 519
5566 1417
7690 4779
3317 2207
3506 4503
6935 756
8177 6614
7682 1459
1125 140
8138 4522
2311 1900
3050 1762
640 1609
6512 75
4916 3093
7269 8677
1673 1074
9781 3927
8644 1648
5592 579
9956 8344
6334 8348
9785 7927
5058 2497
8919 1493
383 1221
5394 2260
7407 1908
3540 1730
1224 9483
3469 3591
7800 7978
2546 8031
4464 2957
5749 4954
8 9219
6552 2813
4901 8137
5975 9114
7657 9992
6822 3203
7546 7116
794 9842
1765 5443
7286 3901
9166 5947
1171 2149
6614 7195
3404 6564
3801 5721
7203 7651
417 9513
5840 1141
3447 8543
9393 4362
6936 8939
6732 7711
2438 7287
3130 93
1478 4736
4836 472
3550 1298
5191 7926
3577 1477
3734 4405
5231 4096
3812 7523
1185 6527
1451 8021
2695 4578
4766 5638
3870 6690
6287 6949
7187 5784
8784 4358
3122 201
8983 9850
47 4508
7967 3813
3246 5422
898 737
7146 5844
1153 2091
4076 1270
1390 8818
2066 6208
8937 4935
9364 5499
9331 1372
6224 3981
62 9407
470 2633
5047 2902
9769 6024
8057 7180
215 3362
1966 6300
9247 7283
6287 8568
7469 7873
7732 9497
9295 4195
8567 6101
5810 9052
9773 9662
6239 4684
5343 8978
2419 6119
5507 1016
98 7506
8773 8503
5483 3817
9131 4630
8584 394
5617 7895
6047 6140
6713 8105
2323 175
1395 3147
4017 1772
2765 3476
7036 9424
5082 7161
759 4103
5415 3736
9030 7614
1514 1892
5723 4630
8465 6035
1886 7311
5996 4925
6 6798
8876 1608
941 3893
5859 7556
5008 3425
4980 4341
2234 7898
5253 5292
9915 3391
8492 2215
4528 6996
1084 4451
7917 3009
3974 3648
93 7929
6815 2002
3384 4329
7286 7740
2245 8762
34 9953
2612 6532
3581 9425
6649 6935
2921 7380
3072 1479
4511 4454
9384 4448
7551 6364
5272 5073
3782 7816
906 4325
2218 8737
6122 2277
2805 9536
257 8206
2673 6218
2560 7949
8395 9989
1806 8129
7537 9339
9250 1634
5821 325
1717 6232
5406 2643
9346 809
7866 3597
5616 4704
2408 1432
8759 4781
8423 2102
7952 4381
8704 1263
136 6673
27 2409
3411 1337
1172 2565
2418 4841
9033 6852
8121 3550
5710 3099
5550 8395
5381 7630
4397 7594
2911 5848
9540 2679
7609 1006
6578 1047
3095 9349
4356 2532
8546 6244
1243 5585
838 9281
3768 6630
9237 5849
2415 2121
3593 54
4977 9448
6939 9950
9371 4021
894 3506
2662 9760
4468 7739
2422 9516
6924 7277
9716 2771
5584 2627
7646 8437
9755 2727
3412 9509
1353 8400
1058 9153
3020 5230
2589 4895
7947 6813
7420 1261
1696 5396
4537 9053
5276 4455
2893 7488
1187 7848
372 6843
3589 1103
7049 1641
7946 7001
6608 7511
1833 5544
7448 3367
6304 8681
9895 6198
6465 2269
9967 1673
6854 1576
3995 971
4065 1857
863 7100
7710 462
4090 4221
1219 1935
784 5367
8402 2737
6594 7092
9624 2761
7131 2842
4227 4051
4568 9359
9323 1588
8065 6626
8278 2862
388 7328
7995 6575
8480 1400
2265 8987
8664 7662
7715 1342
400 3165
1192 1120
4979 4197
1312 2785
4025 261
7474 4943
1343 8527
7777 1106
225 2904
9522 8760
598 9875
1926 7233
43 4445
2089 5823
7315 5474
2214 3448
1087 3673
2146 6661
4287 5348
5622 644
2353 9153
6978 3566
4066 3197
1493 7511
5510 3824
8656 1370
9645 8474
4267 8621
3123 8042
5283 8202
1239 8252
840 330
3496 7326
486 2064
5713 3
1001 8551
5550 6077
2542 8691
3692 5772
1885 7773
3450 3941
3228 2512
1716 9749
4391 1067
9323 4129
201 4123
8403 9848
6623 6798
3125 929
9010 9145
2667 2827
2403 5375
5974 4259
5339 4816
7202 5132
1580 3634
6451 4376
6847 6591
5939 7836
3056 9235
6327 6484
6498 9582
7048 1963
9161 1039
5810 8506
9427 6751
8601 2274
7896 3006
1923 1489
6555 6091
7698 1553
2767 9433
4656 7307
4643 3271
2161 7781
7792 6395
7991 3199
6351 5970
1235 8379
5749 2423
5446 9693
9756 5689
3159 7572
2481 2922
8255 6061
3774 4381
2637 3570
6116 3931
2025 7763
4125 5999
9091 7372
8418 822
9851 7460
1342 6269
9470 3987
7048 6352
438 2330
7633 5379
4274 8050
352 9806
7148 4904
8036 8580
3446 8933
3161 9570
5661 6763
6293 5655
181 6761
2372 3410
5916 7466
3262 8043
6628 7022
5521 2932
1048 2920
2444 8985
8038 2844
7790 3156
8262 7930
31 7820
5951 3161
7819 9482
768 2866
2845 9159
5414 4884
6777 9477
4373 6856
5616 1700
7298 4943
506 1612
5376 6296
7756 4494
4274 7663
8835 1059
5075 3900
9912 5554
9203 3467
4987 1017
4672 3591
103 1587
94 1558
3506 2179
8975 8919
2599 9225
6224 5330
9299 8250
9200 628
5237 6051
8909 7831
6309 596
3778 5809
2609 6300
6666 3122
2207 8973
6438 2063
4882 334
5520 4124
7536 7777
1089 2444
9924 9402
1084 5107
7275 4167
2294 9864
9464 4174
716 4548
680 2929
7443 7168
8082 8559
2177 6781
6527 3774
2431 3823
3226 9205
5490 4038
8221 1761
5021 9625
2742 8252
3988 8324
3925 9434
6420 3279
1542 492
4850 3944
7726 4907
6233 2519
6854 3894
1678 1341
7199 4331
7787 5875
3068 7763
241 2073
8863 7620
9079 7915
5742 3669
929 9214
2775 4190
6320 5529
8157 7747
5253 2796
5324 5876
1843 8773
7921 6250
9737 2484
193 245
5575 9245
5637 856
2152 4951
1391 9527
8242 3201
3167 4166
7217 985
5521 2921
9909 6527
4691 2
9039 6345
185 8073
631 2888
8914 2746
1602 2841
8741 2758
8559 1213
1268 7437
8087 4083
4485 4886
7920 8264
7272 3381
4535 287
6803 6529
7178 9632
2973 9657
9353 9882
2129 522
7752 6546
6849 4096
7843 9043
5365 8097
5988 3037
7887 3163
4585 100
1972 9205
7384 579
2152 4909
2836 5995
5078 9956
9744 2457
538 9268
9504 5329
1468 4268
8911 5173
1409 9812
4671 6090
9425 3283
7154 2372
8798 4355
2992 8971
9899 8209
7729 1097
5907 3708
4417 5865
9383 5872
2593 3184
97 4284
3965 3300
8904 397
5295 7176
2686 9006
2591 6307
2704 408
3096 7139
9334 5208
2022 9289
8937 5265
2092 3773
6519 1263
7536 8289
4400 5355
4098 5288
2271 9680
7146 494
1462 441
6462 1218
3963 8040
1285 5959
4117 4667
7117 3388
3398 8830
792 2503
3606 626
3096 9251
2559 8415
7259 8533
829 7906
5052 1983
5267 7732
348 2493
9657 1663
8009 5892
9395 4518
1453 8445
7771 8921
4368 7416
2601 7935
4151 2886
2396 5023
57 2686
6918 8445
2093 4363
9847 3483
2853 119
2794 4126
804 3347
4214 8351
2937 4614
3304 8468
8548 4403
8863 260
2891 7707
7310 2247
980 1805
5374 5906
6892 3636
74 3283
3833 5841
2741 5064
6137 7883
5333 7464
6019 4901
2821 9515
8432 5026
1899 5327
2266 7951
4491 1803
1636 7214
1682 7117
8987 9867
1763 1435
9705 2762
356 2301
6069 9261
3756 4962
6588 7886
711 3922
8087 5014
7842 7247
5935 1853
1495 7989
6859 9111
488 3795
556 6207
7829 7876
3808 6493
7808 6148
1066 2633
5145 7334
2748 463
3790 1737
2075 3855
7385 7519
1369 5393
7999 6659
8455 6167
5767 1459
3284 9325
7725 2732
8869 472
9906 2346
6233 5021
7197 1183
4250 5608
6796 7668
2855 8104
3738 486
8296 2432
7555 3353
869 8073
6669 756
4900 297
2166 3619
2707 6733
5322 1654
1597 5024
2437 2326
5235 7663
9628 1714
6574 7244
4390 1340
4939 7938
5028 5792
3508 248
8896 4961
419 4006
6752 3321
1891 6525
640 9001
5694 8776
4626 5851
1652 7326
9749 5648
579 3816
9787 5486
4259 4005
6387 9359
8932 3165
3343 9074
1339 5754
8225 4787
5400 8743
8131 7756
9569 830
3642 2319
845 1837
5512 6202
2966 1576
4907 5876
6731 9035
9515 3104
2599 4431
6336 2238
3650 1100
286 4532
2749 4644
9249 9599
2464 4216
5957 6315
3462 1935
86 2293
1862 9166
5432 9077
1354 3055
2625 5033
1818 5008
8269 7614
1198 9582
2322 3741
5415 611
3587 9277
1109 2806
5470 1596
6627 7644
5639 5911
7294 5480
3874 1427
7694 5283
799 8979
6822 5248
4390 352
5125 2789
8920 2578
6882 7015
8229 2200
6484 1672
2857 466
9826 3338
7335 8794
3798 4305
3485 996
3086 1535
362 6927
783 7940
3095 3552
4346 8041
1795 8138
8491 7269
5135 6706
3098 5023
2591 5029
9218 7032
5501 1089
5184 3210
6983 3665
7195 1442
1177 8044
386 125
2337 1
7069 7087
8708 4320
9297 8164
3994 623
7283 5231
1463 1571
6621 2160
3246 5544
3635 7855
6104 5707
8010 409
6984 1419
9270 7498
3134 8122
202 7255
7172 7566
5974 7504
7065 6463
4468 9206
6459 300
6466 6116
2410 8482
1916 4961
8734 1222
5028 9919
486 1992
6853 612
7796 7894
8563 1828
5497 2200
4269 6377
9489 5736
1228 7951
8056 2218
3277 9717
391 7816
8744 5621
9360 7479
7478 8439
3228 2660
644 3639
8424 6962
6092 8760
2146 8063
2820 5331
4496 8086
4408 5035
7534 7406
2121 4261
2080 7756
8802 9790
8476 7073
7947 9296
2696 9529
312 7418
4322 2585
2178 3913
2126 9845
8067 424
452 9974
8937 4014
7012 1737
3379 2817
8508 8845
601 1801
1706 9116
1420 5376
5587 4082
8780 5577
7654 8038
102 3603
6661 752
4715 4642
8699 2221
7197 7596
5503 1794
9215 3893
5191 5044
849 6766
7915 6864
5015 9325
6602 9164
789 3056
3819 1057
4231 3508
6740 9265
6448 161
8582 8331
9040 6473
922 832
9154 3729
3217 4903
5679 1116
2894 8829
4108 2806
8366 9382
3916 7624
7335 4912
4863 2238
5281 6052
4889 3234
7036 162
5177 5634
9041 829
1994 4992
9522 8834
8352 7997
657 8742
426 2022
596 7685
9088 6736
9764 4937
3645 4200
3697 1071
6915 8582
38 9506
7571 9182
3681 3296
7327 6282
8265 8896
1249 3509
9680 2377
8961 6057
8940 9966
6170 8487
8913 8919
1198 1036
9218 1284
1385 2072
3505 1675
8766 1377
9168 6176
9023 9506
779 295
6819 5770
1320 6677
6405 1289
9061 4845
4968 5665
5808 4667
1476 7760
1763 1922
443 5063
43 9709
1490 3320
4335 5504
1656 6190
7953 2505
8558 4874
9737 6822
8331 7809
8342 8387
352 4281
62 2741
5247 6630
7418 3531
9438 567
3053 6224
5525 7750
1633 5619
5008 309
1076 7325
7061 5687
7530 9144
8024 91
6862 4246
6531 7489
3308 2175
8594 9286
4979 9578
1826 4941
7801 2815
9937 1583
3180 2556
4548 5640
6209 539
3459 2212
2102 982
6338 8668
7087 8553
1201 4435
7805 9329
3469 6996
5234 9785
162 9400
7268 8871
4597 1276
9873 6929
977 792
6209 1506
7229 85
2784 2175
9184 2540
7503 8017
7352 2691
4234 4981
2230 6275
7219 9970
459 6197
8161 7956
5370 8396
5394 9242
968 8467
4890 4579
4777 8782
3746 8152
5210 7982
9026 3651
9191 5976
717 6143
4001 1105
885 5743
7226 832
3396 5069
6715 9025
4004 7679
6246 2684
7079 150
9149 2135
1782 1508
2118 1296
5856 1022
2495 3211
1695 1260
5884 7667
6473 7388
7806 218
6841 9228
1318 553
2751 9176
637 3857
8698 6688
3198 6047
555 4293
9665 1448
5968 1586
4080 2956
6469 6835
3178 3404
155 1448
2936 9019
5958 5975
4534 6276
3126 3016
4933 8105
9219 8510
7495 7316
8880 4235
5420 850
5946 9196
1034 4334
4189 2332
7774 135
1930 2595
9757 2285
4544 3287
2693 2095
4549 8854
4895 3363
8794 2899
9928 4196
9813 7724
6425 2183
4595 7150
3868 676
7514 3344
4123 866
9367 7605
5188 1125
2392 5844
2715 5968
1891 7363
2224 6062
6475 1952
7690 8266
8761 9760
8951 6134
7106 1686
8430 3915
3968 644
3314 878
9314 9435
1169 4511
8713 2645
5228 5557
2815 6017
5265 483
731 3300
1759 8898
3223 8091
9456 5514
1545 6632
1356 8851
4416 1440
3872 4216
6222 7040
1101 3118
9306 3084
3425 3413
8631 3951
5649 1515
2182 3416
920 8109
3352 2855
8019 1214
6870 5183
2689 6331
4867 3222
8548 9646
8630 8823
7155 4651
7631 9744
7657 5867
5715 5591
5831 7420
6462 179
4525 8104
1503 1446
4585 4255
7165 4126
5040 412
1840 8250
2000 4338
3488 8833
8277 9856
3230 7295
1341 8876
2275 3947
69 1523
4845 530
5738 801
2752 9630
6125 8121
3268 982
6373 3714
6954 515
2101 4873
7807 3000
3042 531
3270 5444
3507 2700
7968 7814
8921 325
2919 793
614 3472
7483 6260
9356 4347
788 3049
7613 4813
4666 6568
5335 410
3779 7627
1394 3992
8128 5158
3006 5008
4494 9773
3936 791
6128 7505
8432 9439
4435 8182
2082 9050
5729 8195
2691 6809
2933 3011
4497 902
4632 2305
2843 243
2650 916
5035 5607
6132 6022
6069 7087
5349 2082
8378 5591
5375 8995
7640 3802
5379 150
2392 869
5706 6565
5992 8729
3301 1066
296 2432
1569 7118
2155 3602
5988 6148
4298 6664
4352 4329
4162 3376
8121 4999
8151 1172
5605 7187
8193 7607
1372 3907
1406 8032
2642 5301
991 4173
5224 4100
8276 3246
1745 7925
416 8176
3333 8566
4413 9475
6144 7804
4312 550
7332 5254
4807 8275
9709 7321
5345 5259
9056 1177
1872 8691
2050 1967
9432 9590
9997 4377
6954 1002
9178 9148
3026 5400
4810 5062
4532 8180
7371 8523
5957 9376
8727 3304
8944 3450
4686 5213
8173 9540
1024 3163
4070 6310
7320 6961
602 9479
8477 3941
2360 6433
7101 7105
5425 6741
3528 1163
5753 6419
6698 7003
2192 3624
2528 8017
4788 9876
381 7900
6209 4546
5432 1074
4135 5363
3068 3280
5922 6125
7606 7126
6437 1019
7731 2037
6096 9082
6249 445
8724 841
9551 3067
5888 1341
7115 8836
8196 1586
2552 3052
9879 5996
7924 8937
283 2749
3975 2552
1939 557
662 6947
5648 9915
1006 7115
3577 4915
668 124
2954 1505
2772 1524
1497 5946
1707 1962
2798 2632
8222 3834
493 4902
9553 9470
5016 3956
832 7598
1866 3761
8372 7274
7983 6935
6176 5819
8231 761
8109 4480
5588 6095
6859 5145
1072 3867
9295 2551
5370 5727
5896 2404
2195 5287
5657 230
717 6902
9887 138
1174 8242
9096 2816
1419 5768
8160 3591
458 5374
7157 7972
8612 7750
4854 3082
3709 8332
652 7678
5782 7524
786 1527
6311 529
3519 8764
8019 8612
9109 6673
6903 1578
1127 1765
2578 8087
9098 723
9037 4769
4442 7540
6726 833
7615 1127
9736 6063
4588 6044
4858 5807
123 8245
2834 1343
7361 7227
1428 4957
1770 8544
1189 7791
8108 6879
6919 755
2690 4078
6738 5344
809 5179
5452 4928
9452 2871
9347 5151
5315 1286
7365 3930
4543 1337
1426 9750
8758 706
4371 6967
8327 9838
7993 6777
1251 8068
2791 7963
2311 2886
6272 6372
6227 8426
8466 8722
6326 4248
8853 555
3655 144
33 6342
4676 8401
4751 5769
9307 8350
4955 5254
4924 8013
2215 933
1177 9298
1990 7917
827 4371
2060 93
2807 8011
1136 9586
3490 9841
372 528
6358 5293
6369 1395
4852 4870
2117 2883
4502 6361
4508 9232
9118 4185
2747 9453
663 6702
7718 5370
2105 3141
477 641
4783 5490
515 1726
6539 6220
267 1763
689 1585
7902 2547
1355 9189
3305 6829
2524 1046
1886 5089
6308 2060
8559 4397
4418 8337
355 5637
1025 5475
7420 4623
2075 107
2999 2459
3475 3882
5895 3992
7681 6041
6982 3736
549 7718
2562 6952
2178 9225
3298 9055
3868 9362
5905 1210
3397 6970
603 1904
1994 9200
5453 7992
4512 9163
2335 4929
4836 2460
7571 636
3645 297
8542 6308
9467 6728
9172 7702
7778 393
8627 9515
1380 5982
1256 1907
4940 8659
4712 6473
8962 1828
9774 4828
4539 304
9957 4905
7392 1974
1011 9473
355 7348
7856 9854
6825 8354
5652 165
3984 728
2981 1283
4415 5992
1748 4502
9340 6268
1154 7138
6497 8420
1157 9691
7715 2454
3641 8830
3581 7195
8093 4987
5779 9717
108 7529
9521 6323
6637 6899
8935 2685
3788 9381
3978 7016
8318 2233
6639 4903
4546 9879
1423 2366
1826 4596
6070 5789
5517 8310
8762 8109
8904 2665
5986 7820
4727 8299
736 5603
2468 3529
8232 1051
479 2611
8780 230
9766 3322
2771 8969
6009 4447
7372 3783
1705 1470
141 669
2778 2755
4522 2089
7809 5401
9134 1647
340 7303
639 1916
8408 8239
864 1430
3932 9400
7798 3209
3519 3614
5881 8501
64 6368
717 2743
9009 2604
4904 4421
5307 7193
8424 9349
718 3252
3599 7957
9845 4054
3288 4897
8622 1741
6122 9166
1552 1460
4047 5169
8121 6217
1130 1489
7320 3064
7311 6696
3292 7912
1934 7325
5273 7576
4830 1968
1632 4228
9237 6710
9761 1964
8752 6283
5244 7019
8638 5070
6181 4973
6368 1042
1634 7026
5553 193
1841 4820
2372 485
3406 7433
6729 2663
8839 9425
3824 7959
5834 9146
1223 7393
6140 4161
2078 990
7210 1151
4907 7397
8544 9854
8834 4570
5293 1952
6774 4963
7777 2446
5894 7875
7918 2537
3664 9800
5426 6812
8008 855
6411 1749
9885 5816
47 1310
4992 3975
7105 3285
1138 9277
8709 347
9160 7921
7072 5138
1901 5412
1921 741
3129 7414
517 4420
9926 1547
9481 7885
4251 1441
3235 5766
6383 7881
2774 404
3254 7247
7876 3102
7899 6931
5949 5560
4966 376
8437 6745
8220 1347
6556 7064
1875 3032
8967 2484
5905 5734
6751 1480
9937 7064
7926 7758
8800 3539
3648 5003
8282 6035
1692 4131
1242 2712
1397 2751
1387 9260
6218 8363
7400 8388
6223 7127
5674 4492
6222 927
4449 6493
8206 2600
3593 1768
1847 6667
8729 1692
1961 5909
3790 2766
538 1175
1447 9842
7853 3873
7830 5713
4398 8551
8213 7347
5393 7372
3109 215
7059 997
6392 6754
6620 8588
3103 1695
2865 3581
8363 4760
1055 2224
8546 772
4051 1564
372 3014
795 6075
1693 4006
1429 4256
857 9474
5364 1233
4689 3787
4564 5496
8241 1354
4214 1725
9790 6338
2181 45
2836 9605
97 8589
627 5633
3892 2720
5244 1885
864 7169
5062 2690
6332 3399
7571 8235
8161 6667
6364 2008
2541 1791
967 5859
3229 2996
8536 3062
7536 379
198 7738
8960 4124
2158 4078
9054 2355
3674 1139
906 4607
8420 3949
6912 8390
9637 1673
6671 9507
6463 1044
3453 1660
7721 2533
3143 6810
5832 5183
3897 3355
9513 5911
7284 7283
870 6286
2397 6857
7299 2248
3175 1249
5245 719
8305 9474
7141 2059
4593 401
760 2478
4035 1708
451 6941
572 4819
7099 2961
3200 3833
6529 8756
641 917
1256 2076
3808 7258
2149 5587
8138 8782
9830 266
7805 2460
3585 5331
2857 7902
5617 9607
7734 3867
7295 9351
9031 5284
8487 8490
5100 8651
4694 7401
8028 6882
244 1560
7912 3035
6945 3861
1091 4383
6064 6339
9620 352
3810 5648
9786 4020
3040 2475
5476 119
7926 213
2228 15
9451 4610
3826 8220
4576 491
6498 9760
366 9044
273 8427
7839 512
4444 6778
1838 4525
5283 6774
2836 9571
7173 4716
3777 3378
596 5733
7313 8708
4880 4083
1049 3743
5400 8213
8675 8429
9614 4703
606 6390
857 7316
9478 8003
1298 4610
3587 4206
3990 8972
7132 5822
6900 3651
1265 5015
1697 3028
6882 5131
6709 4652
7407 6281
9580 1017
2286 2040
1643 3957
3499 2232
3917 8298
3963 2450
2115 9200
2838 8910
4334 2913
3062 785
9929 6252
201 5311
5866 2242
3332 1019
7754 1751
1666 1739
6206 6852
6126 8153
7208 5363
6732 1622
9646 5377
5014 7964
8993 3897
6707 5159
2610 6328
7540 3725
8543 369
8669 1804
8109 8237
5498 343
8824 6452
616 4717
4192 8534
1426 8118
896 4343
6841 2640
3228 1688
4854 8391
8573 9237
296 389
9937 5533
2209 7754
5485 1456
2179 8879
4362 2666
1337 971
6583 5039
7033 8729
2655 3800
5802 3715
8134 6712
2565 4706
194 2594
6771 8571
8510 4845
6252 3472
1206 9173
8384 961
3794 893
1197 4559
5443 6750
4313 9768
1834 3400
6285 4666
7020 6652
943 2659
9860 5090
2168 652
4077 7831
5173 6328
9151 7045
7950 3676
3949 8181
3571 6237
9968 6186
733 2326
1474 7824
4203 9944
2971 31
2835 324
9052 8529
2117 6524
3307 7057
3599 7642
3148 2835
3990 255
3264 3480
6114 4737
9175 2167
9752 3613
99 1026
354 977
1570 9079
946 2723
4627 7453
4356 5801
896 208
2379 4523
9077 6149
5162 3274
2805 9646
5062 2278
1334 9963
7673 5615
280 9790
6417 1528
2061 9393
3839 3912
3853 7052
6020 6576
3101 4548
5953 5280
7409 6447
3512 7030
5747 2680
4391 9588
6674 6000
5523 1888
4418 6130
1334 1890
5780 6895
8316 2375
9975 7987
8389 3778
3098 9133
7479 4675
7317 1260
2749 8125
9258 6983
8315 2984
7967 3370
2352 4529
2737 8183
6487 1497
30 9792
4749 1346
6802 1462
1317 5541
7571 25
3065 7093
5388 2274
4206 1880
3361 6835
6958 3847
4181 5919
8881 1174
6621 7154
5763 1803
7810 6321
1305 2262
7783 3327
2115 7138
8066 7131
2521 6280
6597 9108
3467 7306
8902 9012
9093 8660
5247 1282
9876 2120
5089 2359
4788 5401
5004 370
788 9636
4100 1863
4370 4334
9783 957
2762 4705
3370 8399
528 1750
708 7880
2836 3131
7754 6221
5918 3760
5700 3607
4671 5818
7086 8579
5338 351
7671 3135
8276 991
6011 1601
3963 6085
3457 2771
2070 5743
2194 6562
4459 2267
5222 9121
3079 1564
8237 983
4566 4808
5450 7102
6643 8652
1579 1332
3856 3651
5057 5198
7612 7687
920 6255
2157 11
1557 4216
9345 5676
9699 7152
5305 5767
9534 4434
9512 4470
8547 4217
8456 4703
177 313
7537 7353
6502 8885
6225 8256
496 3757
1771 139
8118 9047
1093 8937
2075 2042
1908 9017
2803 4384
8826 5778
4789 3709
6243 5149
5702 7382
3050 6347
7581 7400
8428 8769
1891 9290
4215 3937
5308 9773
6761 6244
2319 1154
5525 2094
183 1291
9248 8880
5985 4100
5631 2492
1384 6795
6071 9860
4104 603
9428 2755
3567 7070
3779 2315
9606 3207
3727 5429
7615 6496
5244 9240
5489 9372
2284 5054
6410 3296
4768 9314
3704 4861
5556 7702
8939 5534
8895 6667
7192 807
6230 3544
4913 7308
2221 1910
3522 612
2660 8654
850 3426
8264 3549
7387 3253
9182 7765
1992 880
6420 1077
7714 7529
4373 7736
557 7969
5203 4936
1341 323
4197 2498
8689 1605
3890 1541
6760 9389
8212 1309
3915 8416
5800 8732
8211 9494
2077 5163
1086 1241
633 1696
1809 5545
5351 3614
5701 6030
835 8517
9749 4844
3713 965
6425 6723
6448 7727
6942 6856
973 3157
1240 1402
6310 4035
7853 3035
8997 5737
1591 4748
3 4000
2131 7470
3906 80
3362 244
1298 3796
7992 7923
947 6421
8112 8312
9037 5519
5560 7698
5728 2853
8610 2560
9170 6930
7919 8323
5512 755
8826 7942
6326 7746
1178 6182
5495 3560
2648 8185
8699 2885
5787 7053
7237 8261
5586 9539
8169 4349
4334 7455
6467 1526
2623 9973
2251 4633
2842 6418
8589 5279
3703 5804
1885 4535
1082 1296
9746 9011
2529 3636
327 2670
201 3977
959 4650
5139 4079
9424 8562
1015 8197
2618 2047
1438 6260
1447 3674
5650 3368
1802 8243
8083 5281
5370 3732
6750 8457
2933 4751
3299 1894
1475 721
6625 4642
1075 512
1214 7448
7938 8271
9736 1575
4258 5118
4434 4980
8604 7394
1022 1757
1319 284
835 1539
2622 4466
1576 4215
2640 4932
8291 8897
5265 1578
7263 1107
4045 4248
2563 1392
923 6999
5281 419
4154 7447
9924 350
2676 4224
437 5027
8654 2399
7256 9446
7003 1491
2536 3469
7767 1056
2487 922
4206 59
5761 5581
2498 8515
4109 5196
4005 953
7005 2432
1046 5238
5199 2129
8597 1128
688 9361
321 6381
8857 90
4385 9662
5188 3387
2819 3662
286 4977
1107 1151
8250 700
3901 7445
7346 5653
1252 7576
1577 4626
5106 5369
6698 2278
3710 3062
9598 4305
7749 3899
6985 6693
4708 4585
7419 2094
1614 343
4799 3225
490 8190
7758 5008
9379 88
6120 5912
9851 6244
2940 3207
9388 1632
8937 7343
1910 9236
5130 2322
2709 7276
8210 9241
2885 8733
1093 7001
4987 1172
1689 822
5577 2098
866 8274
2735 274
115 4615
7426 389
7843 3155
3924 5788
4764 9182
1869 7395
1630 6064
5289 3298
1966 7110
2436 3747
3522 5656
9420 5036
2395 8762
8074 1679
543 2404
4293 468
7634 1923
2310 6949
7143 8624
6469 5943
317 5385
4346 4664
2224 9904
4362 9099
1852 9071
1551 2023
5611 124
3812 8246
9786 8188
6637 4083
5670 9028
8975 7779
3912 46
1618 2903
6635 196
9535 9167
8212 3116
7518 615
5407 3425
4952 3967
4645 9697
5019 5887
1056 43
1198 8327
4226 8695
4404 1725
7344 4614
4038 6391
4031 2146
1231 2186
6297 6543
8720 914
8093 5923
5697 766
6734 1615
956 6693
3701 5357
6187 6772
2797 1213
3276 7345
2302 973
8812 8621
367 329
1646 109
3070 323
2156 383
1569 3928
1642 4065
4210 9169
9553 5619
296 3857
1898 7852
3573 222
5722 6269
5007 1076
7149 7877
9921 7216
6545 9893
561 512
5973 8853
5193 6571
2165 4229
8207 6943
5136 491
3633 7569
484 5638
3692 5726
517 6846
1108 3859
5904 639
1135 7932
2781 8777
1290 7183
5651 8503
2898 4960
8470 6863
2278 5488
4601 9966
242 8478
4401 5354
3304 6142
826 403
9782 594
4694 5102
2164 7233
5499 9538
8769 2175
7296 8786
5092 5527
5435 2128
6604 6919
8903 883
3413 9139
8852 330
7150 9481
7632 490
8572 6199
4493 5940
7493 4329
330 8498
1540 3472
6300 7530
1106 2883
1836 4448
8054 2799
4526 6768
3724 2031
4473 2606
998 4095
2805 7632
4010 2248
9707 7754
1688 6668
2139 1722
5277 2781
9355 9532
5358 4275
3641 1505
4397 4779
1833 9532
9631 5755
2883 1570
3915 2237
9722 7857
2009 9705
1069 8377
1327 2984
533 4387
7939 5935
5680 8496
4584 5351
4588 5455
5917 3360
3810 449
5502 5222
9000 6220
1484 5105
9480 7950
6548 5213
745 6240
151 7826
5420 3419
4299 8487
2696 3527
82 5019
2642 2343
6965 9380
7062 5844
61 7670
814 8393
4682 2850
4535 487
7428 5694
2604 7222
518 1947
4556 2576
7286 3008
691 6433
3396 2531
5970 3064
2747 9228
9202 8400
2943 6067
9469 4730
8317 4395
487 8089
48 2380
2275 5055
2226 4462
6450 23
1516 3731
7629 7716
1153 3117
4978 613
3932 9952
4316 7963
1146 4512
6474 1050
1865 3729
1416 1063
3704 561
1651 5547
7389 828
4278 8138
6817 3865
898 5212
4554 2606
7244 8038
8854 6962
6072 3932
6455 9850
5957 88
4538 314
5832 5170
8260 2922
4612 8286
8802 8526
501 2083
8397 8823
4858 7994
9494 829
1544 5088
8030 8782
1297 2118
9393 8839
408 4349
5678 5424
8172 1967
4718 904
1411 198
4269 8141
8967 1703
1180 398
8282 6433
2583 5129
1377 1381
2001 6990
8587 1138
9472 8429
3749 7225
1024 3109
5088 4286
5038 7436
2310 3655
1585 7815
3882 8552
8767 4623
5656 6784
2582 322
9648 9012
1116 7709
1882 5020
5961 5412
7362 308
7851 6817
6683 5048
89 4944
9947 4276
717 7460
1697 9212
9911 5242
9781 4392
1202 221
56 8739
9762 2686
3110 9834
9545 517
39 8715
5602 8245
7881 3428
7285 4639
859 5915
4704 6303
6296 6488
4499 3992
9571 5494
9042 8935
7615 8890
9477 1866
2927 6356
9767 2120
3382 8959
349 1675
8951 8805
3067 672
7742 80
5243 4914
7799 1659
9019 7820
7891 6269
9612 8959
2463 3542
9086 5034
9579 9870
4763 5899
1182 969
5285 2490
262 5502
5956 4833
328 9423
3729 3795
4031 1270
315 2506
2421 64
21 1871
9156 5238
6254 5972
5012 5241
5520 363
3923 9673
296 3055
4884 9553
9977 7794
4919 95
6506 6455
2830 1452
16 6467
9801 6959
2341 4221
6029 2146
7550 2389
3347 485
1481 9205
4405 7377
4637 7277
7499 8294
1934 4121
977 13
2082 5143
5370 5040
8681 9767
6296 1867
7424 7437
239 7773
1123 4172
3228 4488
8482 3381
2484 412
3755 1648
3274 8901
7017 6570
1068 2682
3719 1329
6483 3048
2078 5305
5401 8361
5809 113
2931 7425
730 9838
2969 8258
892 840
592 6278
7146 8907
1896 6644
4898 7330
1023 6857
6010 2244
2598 3657
4221 6663
7908 9001
4861 7418
6268 3745
2294 4289
5446 926
4277 1515
25 4754
6381 683
2494 342
2126 6813
512 4851
2701 6323
9155 2113
7489 6380
8118 8878
9408 3333
2038 3658
1053 4340
3283 7764
7101 9072
2408 4024
453 3173
4322 3604
7538 6028
6731 937
1494 4404
8317 1072
2674 4336
790 5817
4020 5400
1783 8630
4269 2878
5336 2125
179 9217
7549 9049
5099 5658
9782 2461
9605 538
997 1992
3319 9343
9187 5925
6719 1566
3910 3455
764 380
1071 1238
5755 8583
8185 4333
3735 1935
5460 5884
2076 1308
7900 1572
5348 3648
3970 5485
8781 2716
9507 9081
7435 9953
3372 6165
1548 8337
4063 3272
3241 1780
2098 723
1771 5769
2488 5048
2511 8392
8124 2130
2997 4694
2440 4317
8555 3833
3154 5938
2338 2518
6084 3589
3701 6429
5424 9616
8322 8345
3613 3765
4774 9263
5627 2962
4972 9753
5747 4620
3121 5688
2137 1726
7171 4277
8194 1630
2772 7743
3405 2582
9118 4846
7764 2273
7211 2408
6028 7943
6779 9483
3038 1892
959 1470
8295 1220
2345 7141
3690 9605
7154 1809
8922 2288
6344 816
7222 8840
1668 9021
957 1278
5437 5093
179 3223
103 9910
5772 2468
2965 6130
2983 9772
1699 7345
3993 9656
9738 439
972 2173
2563 2087
6370 7263
8955 1432
8353 9709
9386 8289
9477 1768
6824 9554
2909 9261
6606 3170
3407 9081
9786 5302
5180 5674
527 347
8593 4963
7628 6701
4954 7608
2711 8922
7557 50
8498 372
5177 9090
5983 2440
8890 6210
5195 7351
8779 5660
8159 8798
4837 9533
8615 7325
9097 4728
9783 5769
3350 2424
6599 7647
6778 1761
3479 9798
2983 2277
5849 9147
3463 1607
1002 7916
7849 6732
5048 466
3998 4634
7108 6580
9211 6409
5808 2473
2850 3943
6562 5301
3663 6616
163 1714
9251 3739
8009 53
4524 6563
5144 3738
8797 5423
461 6467
7081 1272
9171 4505
3045 1400
5982 7643
2837 5359
7033 5251
1636 8790
5537 8114
6494 2216
261 1094
106 7077
6701 3475
3448 1168
2789 3147
4010 1445
6237 3222
8055 1415
1437 4897
2685 5316
4639 3558
6821 7739
7937 5005
3874 1378
8082 8390
9658 3700
8214 6126
1199 502
4456 1423
91 705
9436 1573
9650 2051
3066 7183
8730 1963
1966 6991
9637 6832
9657 3299
3107 1172
466 4528
890 4783
7867 2091
8969 8918
2269 8908
5629 1982
1370 4266
5119 3111
4704 446
2426 5459
7797 1484
7252 9387
729 1414
4472 4214
430 7576
4462 3190
9380 8022
8410 9588
8945 7482
3608 663
2576 7732
114 9529
8236 6560
3275 872
4760 9333
7734 2150
5859 2683
9904 5798
849 5925
2692 977
3095 8981
9560 3815
1663 9096
6935 3646
109 5090
3784 7920
875 6701
9073 942
5566 9390
6274 4951
6836 6823
482 3773
9088 6180
5720 3772
3214 8423
391 8442
4096 1509
5675 6221
2079 3598
122 2645
1791 1211
7131 9450
5382 6840
8001 2567
3507 4328
9391 4677
830 648
2173 2576
8064 2062
1301 5094
4565 8369
5448 9500
3271 6374
3534 1982
6984 5766
765 2438
6951 7983
3236 164
6073 2030
740 5453
1484 6613
3034 629
2867 2390
2708 706
1935 2286
3402 4373
925 5278
2874 1637
6103 652
9735 7316
7327 8531
4996 9973
8532 1050
4112 410
867 3874
3705 1959
5159 6268
3747 8198
846 2575
1555 5032
7035 1587
196 3058
1198 1896
2848 6285
7211 8833
8418 3832
6833 1491
2098 1947
5401 940
8030 3407
9334 9554
6487 7064
7606 717
8824 1595
4200 1782
5343 2142
2684 3340
6911 5748
4808 5594
250 2081
7684 3490
3003 3472
1501 9631
292 1335
2921 2495
5509 4722
1119 7318
2470 9581
6465 3679
3664 9386
8027 726
820 6961
4305 5215
8188 943
6876 5065
38 4725
3242 621
83 5171
6908 4339
6223 5324
2097 6131
4742 6084
5854 6842
5675 8824
6742 6315
1941 5251
777 8205
4414 3903
774 983
2805 3531
9334 4429
6109 6027
7946 9413
2129 3747
9639 8034
6734 4229
1173 6636
7893 7523
4545 171
7432 3163
642 7790
3701 6800
8010 2979
7435 3626
617 8798
956 2410
2354 5010
6243 4835
9928 7366
4278 7011
6300 2967
312 4410
4823 464
8944 2547
8165 3058
1969 1118
9900 7724
4925 8262
4117 8577
5670 8323
8640 2673
9903 4668
1603 6551
8928 2076
9656 8380
4890 4391
2692 9177
9311 940
7888 9895
8240 3614
2443 7033
7886 5250
8010 4223
7479 720
6861 7760
9362 1474
1852 9228
9276 5321
1694 5675
1232 6246
8518 6485
7316 2763
5191 2788
6668 6313
8133 3334
5959 7268
7421 5922
7469 6582
2378 1013
187 3031
5010 5053
1374 5500
331 9883
7622 1254
8051 3967
9981 3549
614 4529
4830 379
2666 5676
9359 2338
4602 2420
5121 9697
7600 1841
236 8244
701 9321
1550 760
437 4488
9306 3190
186 7063
3808 2603
7528 9432
8890 8967
3017 4254
4407 6292
2863 7217
2506 4411
2602 1122
2932 842
9761 5915
1817 3753
8258 745
1201 2121
1158 495
8035 4510
5117 3224
3855 8562
2372 9057
421 6398
130 7328
2737 2440
6522 4937
352 1433
953 3987
2843 203
5824 2817
2428 9299
2059 8909
3316 6236
3501 1467
8422 288
9731 103
9347 5764
9622 439
6596 2246
4885 5230
2272 1550
7709 6385
5461 4408
7923 7750
157 286
4492 140
6755 3913
9563 9735
4391 4032
5159 7732
9493 2072
6127 4646
843 2300
4174 5770
6669 7469
7509 7979
3265 1330
1544 1478
5668 2678
5631 6480
3191 6153
524 4305
1087 1244
3055 8142
4537 17
4084 3355
9870 516
2301 825
4087 9610
9455 2701
5534 2597
6524 9280
1409 3724
8311 4456
791 4921
9233 2034
978 4061
1596 765
8783 5000
6767 2461
5655 7991
8562 1297
8682 6682
9026 7261
6752 536
9950 8239
7099 4476
7497 2873
6607 9977
460 779
8003 1176
5235 8619
3112 1415
4281 9261
192 5621
1751 9008
9227 9654
8523 4644
2785 5538
6019 8300
9770 4671
8605 2112
5726 3449
6831 8271
6104 7631
6601 3861
4617 5220
16 8306
9847 8401
1147 3956
4215 7473
2121 4722
3281 9782
6146 4494
3795 6800
8892 2623
2222 3687
1789 8088
1059 2880
8360 3786
1914 8372
9890 9481
5686 4003
7044 6675
1903 2069
9768 7410
8753 9639
9342 8998
4702 761
9740 8567
4069 8485
6728 4600
1920 6493
3450 2844
1060 5309
509 8525
2679 3687
3851 4722
8131 7865
3243 5988
3253 104
4339 226
3842 2736
3845 2835
6929 7600
2130 7550
21 5707
1719 7346
8300 820
2642 1194
8297 5263
9564 6105
7716 9793
7449 7099
2000 4749
6439 5406
4122 8223
455 9641
973 94
8099 3104
5118 4250
1721 2883
9825 8497
6688 7036
6072 7519
7763 811
5066 2742
8597 8024
9135 1167
6734 5243
5105 591
3538 6137
2467 5562
719 5989
7268 209
2778 9865
5102 7519
9263 8380
6187 5059
5470 5454
8344 2387
356 7051
7573 6682
5520 8622
2380 4017
2198 5065
9541 6284
9688 8606
421 443
3641 2592
7818 4086
7680 7375
3308 8515
174 2057
7700 1737
3359 4404
7013 4659
2743 6832
2733 7934
546 2620
209 3630
1428 2683
2899 2105
5731 768
2929 8525
1811 6612
4980 9233
2215 5851
3508 1673
4845 7871
6721 5000
9646 8342
1345 3283
6591 1210
7381 1849
1375 3133
5654 4668
1930 5926
2589 1694
6506 8331
2440 9132
5807 9244
175 336
8289 2066
3628 9182
4794 7555
553 9019
7989 7698
9324 1182
2691 3982
90 9406
2649 3047
1718 5718
293 1187
8889 5095
1272 1488
3695 8401
9851 4297
4145 346
598 1852
4139 6982
8015 4696
3313 2840
7645 3747
7323 3218
9473 3353
2055 4914
5932 4219
9942 9717
3781 4411
8710 8370
4545 1476
3769 5471
640 5806
2742 4348
1977 6500
2023 1793
8368 3607
932 9007
9200 742
9890 2973
8505 1026
5653 1202
9604 1368
8135 3750
5964 4209
6323 1667
2426 352
9213 1871
449 7291
3806 5960
8707 7145
673 6208
6306 7243
9735 5165
1951 9009
7444 4528
6628 1845
591 8823
4152 9778
459 8020
6882 9791
4115 8272
9628 6451
9133 2431
5097 4162
9297 9337
4967 5465
8702 4412
924 2593
5186 8883
9842 6615
925 7006
3158 5204
3308 2845
5413 5401
9323 323
2936 680
485 4631
3125 218
8372 1701
1333 4482
2902 752
5017 9979
7113 4555
340 7962
5413 6323
6717 4725
1503 6681
4988 9285
4877 3437
3888 584
7847 66
2172 70
4005 5660
8009 5512
6778 9548
7702 9404
7601 6285
3377 2368
1328 8485
4461 8293
7023 4657
6652 1579
6186 7227
91 6860
2859 5174
4843 5963
4415 974
6671 4343
7571 1599
5461 1272
2972 6883
2903 7973
4000 7243
6786 5985
6590 8662
1749 5066
925 7860
1690 253
5956 362
3112 1264
9568 8687
6787 8709
943 5135
1100 559
1595 4795
3280 9758
5012 9108
6184 7698
9672 1633
3907 6810
659 8579
4369 8430
5249 7286
6615 1713
8996 6957
7470 621
8154 2796
2177 6766
8586 3091
2589 2772
743 5696
781 6768
7759 7604
9109 6331
2870 83
2985 848
8395 6340
1941 7495
929 3194
4150 3615
4161 806
6345 5158
510 18
3315 6307
4507 9619
6598 6291
4599 8348
3025 7974
7814 7122
9669 1994
5740 9467
8547 2478
5363 6031
2658 6813
3968 5255
2890 4897
1316 5242
9285 5998
1913 7148
9591 9825
814 923
4418 4467
6864 3823
9187 7269
3116 9827
896 8820
2948 2189
9221 3394
4156 6077
3210 8850
4357 9459
6656 1368
6297 9564
339 6199
3142 6925
1627 555
2337 8052
4 6466
7182 9871
7086 3691
2879 7627
6163 8204
8962 5538
3741 1978
6022 7906
3526 3505
7036 7962
6508 2872
1300 3315
2383 4855
451 6987
5771 4673
5118 2970
3517 2147
8474 8753
7966 4471
4946 2817
1502 2435
6808 2965
8062 3514
8468 2732
2349 1963
4500 9893
6714 6510
5353 1219
5465 5497
2145 5679
8364 8955
2669 3286
6586 6644
8539 8494
5744 4187
1185 6388
4556 8652
9645 7578
8320 9563
9796 8656
8488 1798
7172 610
2900 3362
3249 5901
1435 8591
5235 5332
8693 5477
125 9778
7890 8051
2715 8719
2714 108
9919 1764
4485 4020
5601 4005
3203 5260
6299 9615
9028 9873
4122 1841
3089 1104
35 4670
2231 3333
3300 1526
9130 1005
3651 325
477 9588
3210 6508
3797 309
8879 5263
3564 2038
2683 1159
943 4885
9175 440
2752 2842
1572 5065
8147 5002
306 4505
122 9783
2405 5087
841 2187
4486 4578
4212 202
8949 4503
5335 876
3043 9840
7312 646
6540 6883
4125 6328
1069 5228
6342 8123
2730 6183
3877 6987
8308 5115
9917 704
8123 3686
8611 4318
6670 4568
9423 6074
6136 7144
7319 3333
1292 4999
6203 7216
8290 9771
956 6277
7722 1316
6665 8850
4870 7642
7449 2900
9905 4539
728 2807
240 1846
946 6493
1058 5001
6353 6048
2136 1417
7695 3110
6547 1159
435 6538
7342 4234
1977 3302
3197 9752
1803 2279
3586 2107
1318 9413
883 3291
39 163
4208 6486
5491 2331
7063 5660
7746 9138
1517 6489
7728 5793
6385 9182
6611 1307
6448 5427
8595 4473
3919 1465
9248 4190
2895 6358
538 2081
6948 8183
1697 9102
795 3815
6810 4670
2946 2940
9775 2610
6310 3616
9489 3634
5331 4986
6533 2104
4205 4140
2479 1598
3197 5885
7877 1997
3757 8773
7193 5747
3292 3210
2822 3383
3993 7963
6711 6865
9017 9379
3100 6916
6716 7413
3599 6113
7838 6736
4058 3667
7201 7376
644 3399
5867 1181
126 8998
7542 1123
3171 7085
8727 8493
6423 2860
2325 8259
1430 5261
3816 8657
7566 2881
5926 8703
3412 6418
6130 3233
173 4902
467 5811
7378 434
8346 1684
6637 7236
7880 1250
8621 3908
9452 3424
1920 8758
8442 2741
1020 6817
4970 6461
1256 5930
5603 603
3909 8243
5715 7682
1325 1785
9734 1559
3694 2218
2038 6306
7100 4162
334 6443
1041 7365
4072 183
8368 7470
3762 5160
1579 8898
5393 1878
7610 6634
9866 5929
8833 9292
3872 4775
4572 4811
5462 6243
5118 9324
906 1785
4353 6183
2025 5010
6486 7550
7948 3004
9115 3964
540 301
6989 9425
8428 1930
2751 3517
3508 2672
3007 707
6610 6965
8418 4217
4665 4436
8303 8056
1150 5420
1219 397
2198 7757
9390 2244
7492 893
2979 8636
6115 2925
9833 8700
2301 5276
9211 3224
8227 7239
3506 6608
579 3586
2696 1740
1216 7382
1566 3667
5681 2080
7840 5635
2603 2929
1738 2905
277 7797
3297 5893
643 3453
4305 4486
5244 3634
1389 871
180 4486
6255 9211
7070 5946
9118 4760
2021 7169
297 9865
8440 2166
3747 4296
402 6380
4525 682
2861 7128
4886 1469
5980 9725
3825 4934
385 3070
458 8136
5800 6038
2818 7673
6383 7859
5588 3573
1004 6981
940 5563
5232 8113
5313 7032
3131 8278
8515 8929
2924 162
5840 9553
3511 3367
933 3430
7688 9030
8323 4851
5639 5088
9045 561
6703 3031
3329 9715
561 466
4780 6294
3338 1609
4242 4508
8065 487
7886 2236
5250 4845
6769 1017
6746 3137
3971 5057
1852 2074
629 9870
950 6937
893 4070
1735 9846
8334 4002
242 7488
6137 4302
9153 8372
2540 9910
6815 1484
9869 4641
5466 6111
674 2616
8705 7388
2761 1475
7708 9477
6567 4336
8473 3280
9265 9968
6057 9613
128 35
3133 2405
8630 228
9422 6178
531 9874
3900 8418
8521 7784
2966 1630
1124 5630
9981 8295
8695 4114
4315 139
6271 1371
5289 4707
7481 7228
3473 6482
5223 5658
2590 6986
8343 3275
7061 18
1703 9935
1758 1740
6887 9537
8453 609
5023 8086
1017 3009
8121 1323
6836 1658
943 965
639 4117
7274 1772
7394 8251
3084 2637
3830 9258
2028 8949
8340 2119
8661 9123
7027 9505
7682 3807
8151 1967
7949 661
585 1664
987 5365
6298 1854
537 8624
9794 2373
3682 7692
7962 9885
5488 3825
7009 8527
5503 6151
394 8553
5971 1461
963 8524
6439 2165
4835 4618
3037 3689
5961 2439
3074 5503
3979 431
9453 9912
9379 7871
6242 5407
2122 7684
4789 6155
4740 1483
4132 6304
6751 9922
8273 2089
1837 5363
9470 4482
9481 2396
814 4881
3100 9614
1506 7479
7996 8890
1442 7405
4376 9455
1107 8126
8045 1906
5757 2276
8334 7698
8164 3621
2652 9512
7520 2263
4571 8876
5019 8087
1894 1425
5914 734
9690 3854
2689 8603
5790 3426
4400 1047
7008 5362
6985 3017
272 3305
4261 1305
9656 8079
1649 5262
1749 4712
6099 7698
2590 7361
5858 7063
5631 6685
7769 7811
518 3664
7634 3427
3761 2102
3181 4150
9498 6079
7353 1801
2289 921
5771 2452
5582 9637
1774 2759
9451 1023
1590 9685
8651 2745
9334 7991
1356 8549
4757 3225
1379 3879
7957 2533
5521 7371
9439 1317
8277 1632
3241 1127
8870 5320
8568 9459
1320 9956
7908 7350
3042 3764
8656 4804
895 8195
6 1387
8910 8828
6 2994
2032 1516
4154 3372
9523 6776
5057 8361
863 7336
5390 6839
6253 1870
1632 5874
3272 916
9386 3190
2397 6636
584 9210
5562 5173
1275 442
8383 7128
4614 3956
634 6968
1987 2568
9566 8224
6234 4422
9070 3207
4326 2480
5216 2075
7924 7906
4590 924
338 6267
7930 7020
2003 2879
8642 6668
3395 4079
9351 4078
2882 3411
3501 4485
404 3895
7472 1432
2803 8735
4861 8604
4555 2941
5464 9773
1954 9553
3140 2096
8958 6882
1997 6826
4395 4464
2793 5434
7792 8333
3154 1009
6907 8486
473 5489
5731 8332
2845 7106
7909 7434
6603 5183
2507 8890
5585 3456
5130 6798
8795 6608
500 3708
4167 2412
2402 3036
2665 3715
8565 4159
6696 1361
5258 6064
6078 4896
8216 5906
7447 4657
9631 9356
9488 4511
2914 3283
1444 8919
2145 8375
4289 8114
6038 8413
1340 6161
3487 6299
4117 7182
1145 9276
5290 4670
9891 9481
4006 1326
3380 672
7892 4751
3675 6596
1875 4312
5489 5103
7337 5340
3472 619
6554 1424
3510 6583
1754 8602
7209 7318
987 5466
2104 8449
724 7959
906 4294
2865 1595
8238 7732
4525 1847
792 8031
1408 9951
4124 7016
9097 1823
2245 9535
1310 2775
2152 9310
8870 6213
5533 4906
3897 1825
3185 8643
5107 4049
9661 791
1067 8488
7509 6876
7099 9126
7035 8708
2252 6791
9382 5931
6774 2720
7409 7157
7720 2146
6435 8095
3585 3781
9615 5085
4274 4541
666 5643
5821 7182
8308 2884
7804 1791
3654 7717
1628 5689
1685 275
4314 8047
7508 7391
4388 7047
405 7022
1310 2999
3210 9452
100 4439
4860 2803
838 1484
9579 598
988 2608
9793 1090
9669 8063
1421 2548
2350 9198
6299 6442
3976 9967
3445 8815
6179 1318
936 5393
1945 5937
1382 4503
4799 2445
7665 1777
1438 6639
4711 7252
7501 118
58 3303
181 4197
7629 1138
5088 7003
1843 3375
8609 7469
1997 7549
3352 3455
8443 8400
4035 2749
5139 1014
2788 9188
8170 2380
8975 7701
3664 8272
7422 5566
9549 3269
8817 4067
6769 1046
3947 8936
7158 2147
1754 4314
7861 4556
4709 4730
3669 1380
7185 3067
8785 2932
9554 2975
2916 1666
3931 3443
3984 5624
6075 141
7562 732
2513 5751
1625 2233
2422 4741
4401 3818
1949 294
7386 102
1494 3076
2844 2313
9253 1485
9608 3924
9797 4733
3089 8108
5272 2802
4240 435
6030 9675
1029 3122
2607 5814
1700 9283
1221 7919
6621 7930
3779 7182
1489 9646
1856 9334
6624 3332
4318 1204
4848 1319
2050 6542
5401 2825
7424 5038
6845 7082
597 990
1417 6343
8698 9451
9972 3580
6136 7047
2255 8353
171 5895
4968 8806
2573 8901
244 7276
3278 2918
2447 4754
2849 1105
2561 5768
2691 9468
9940 4800
7417 3613
9828 4798
1799 9920
9456 9331
4504 9756
725 9780
1884 5296
9508 8049
1202 1972
1377 3152
7468 2872
8110 4172
6599 3271
1880 4654
541 8872
1596 3202
7031 831
7485 2963
2319 4087
5737 3094
1767 5246
8715 1488
4308 1094
6685 8299
6547 3227
2237 338
4976 7461
3076 3214
189 5796
7179 6722
7807 4827
3593 7472
3727 3434
2631 9078
83 996
1570 694
7266 5064
1533 599
5948 8391
9947 2628
2417 9222
404 7302
5987 7739
8259 2739
1717 4523
1856 9679
8559 8651
4366 1379
6605 3555
4548 1862
2186 195
1747 819
6973 3824
9298 830
9553 3392
5579 9331
7611 3339
8697 8620
202 7064
6050 9074
3989 7162
1314 1022
3525 7170
6376 4985
4419 4190
8852 1596
6107 5476
3711 1442
1233 2887
2916 6364
5485 1392
2548 712
2723 8659
1943 8992
9597 5534
4912 2540
7207 6154
4256 7774
2578 6002
5312 7697
1484 9789
718 672
1766 6147
8343 5083
7450 9097
2118 8477
9404 5001
1469 3147
3408 886
2986 2376
1877 3853
8229 5195
5764 9872
5424 4020
1951 288
6068 5907
6819 6509
7106 2987
5771 4039
4030 1863
9572 7056
325 5617
2244 2408
2581 8094
6513 2574
927 7125
3427 702
35 3682
1870 2570
3710 3166
6046 5004
1984 5763
9762 4608
2729 9483
7881 1147
4339 4509
7068 8747
8677 9572
7484 275
3528 828
6985 4658
2056 3417
3601 2406
6790 1681
4637 4421
1555 3903
4205 3790
4517 297
1076 5129
6227 7554
9537 2183
9097 6070
8864 7784
1938 1278
4886 3386
5057 2749
6738 7313
3884 9894
3102 3279
9527 3327
4406 2271
4289 4855
5667 1876
1365 783
2673 8208
5956 2774
780 1984
8481 4082
7714 3500
8187 8260
5316 8376
4312 5004
5499 2699
3240 663
7834 9651
1654 8339
5422 4771
3334 6909
9014 1633
8879 7004
8292 7208
9543 7077
5999 2631
2892 8109
6402 3957
7569 5530
3122 3224
8947 210
8045 8421
883 6858
1352 2433
1966 5426
9840 4825
7486 8568
4680 7214
9889 5014
2937 5989
2621 9785
890 5170
2578 4939
3180 3398
5949 3094
4608 9263
1127 221
7182 6339
8907 6126
1466 9096
4347 1746
338 2813
6792 9130
9701 6488
6119 3230
307 6063
7787 5610
9421 6709
8893 7100
6040 8669
549 2483
3497 9089
9150 2009
4912 1064
2001 6422
7882 5576
5849 759
5621 6027
2428 1383
7328 1892
2113 1479
707 9431
8518 6569
7304 8424
6731 9554
8201 9702
7893 7004
1240 4380
9627 4411
7246 1082
8783 1191
9040 7912
2438 8006
6190 1792
7201 8783
4716 7007
9753 7445
6628 9282
9146 8545
5940 6078
9689 5723
6700 3619
3648 3448
9096 9405
5713 8832
2712 8228
7298 6487
8868 9616
2836 2002
6137 9239
3341 5148
4224 4411
9997 723
4914 2338
4625 9945
8714 5951
5960 6115
8402 15
2532 6035
2974 4861
8409 5750
7809 2777
6769 1257
8864 5302
8996 1448
8600 6966
9151 1
1707 8081
8226 2566
1320 1472
4281 6010
807 5991
3477 3195
4012 9421
8747 462
8806 1217
1007 7839
8348 5710
845 2287
3481 3655
1587 3821
5663 3534
9219 1916
5678 8186
1738 8680
9529 9218
168 2246
5214 6589
2747 2364
1831 1681
6641 1261
1995 1152
1965 8168
1711 3512
740 886
5851 897
9216 1001
2282 7466
3769 9872
2382 7851
9618 4770
3852 3489
8880 1178
1822 8739
2174 9947
2242 517
9710 6892
942 5531
1952 5173
3538 6404
9761 4925
3044 9083
7171 8832
4841 2888
2363 7187
9952 2472
5888 787
1740 9665
1523 5415
4294 8578
5813 4514
26 4049
6952 479
8296 2524
8233 400
700 1228
2715 2798
1970 4885
8209 6533
1715 8318
1993 378
9992 733
659 2129
3667 922
5271 5714
4013 2571
652 1237
3955 5520
9044 1105
3457 2954
2535 6055
2931 425
4221 3306
3498 2073
979 5382
4307 2837
3421 696
3678 6311
131 2960
4692 3318
9798 8705
3429 8100
5809 959
5611 9004
8692 5168
8394 6868
5145 2830
4117 2194
6740 6581
1768 1043
4644 4587
584 6096
4112 3548
798 6345
1212 2941
6727 4892
1985 1152
2547 9309
6988 5784
4568 4764
9546 2377
2009 5295
9535 7693
7158 1850
3401 8914
4593 3585
7199 1400
6213 8081
8315 5693
4937 1974
8408 8965
8904 38
6183 4123
366 300
1834 9750
4992 4462
5721 5567
6747 6074
4203 7156
1783 7410
926 3536
1704 4095
692 7131
9684 3515
9821 2536
1413 1525
812 2433
6212 5127
4431 295
7483 1345
3454 6267
8550 1530
6699 5656
4023 2228
9114 3677
4276 4515
112 2300
7408 903
6000 8930
2434 4801
297 3487
7732 7996
7233 270
6282 854
6355 284
8450 9576
3623 7282
8108 1565
5234 4618
3215 4223
6525 7522
6798 5439
5080 1196
9528 2699
5219 3187
9341 7433
9524 5611
9488 5042
1683 6276
4970 5635
7180 9591
2154 9904
444 6701
4230 9020
9024 8962
5514 8510
294 6778
9242 6540
3440 3860
2027 3296
6278 5077
7556 4002
5476 4136
3841 8326
8919 9928
5709 8194
5672 5651
3000 5548
8907 1101
3723 6581
1284 8724
814 6083
8385 5125
7659 9668
8222 1886
4555 2542
7011 1637
4416 9819
7489 3999
5374 1872
101 2036
4296 9638
8714 2983
4934 8032
8343 8428
1275 3192
2649 8473
7390 5120
1148 4151
154 883
7051 5869
1405 5800
728 9777
7171 5170
5296 1356
2948 3434
551 5856
7850 6528
9951 5598
9773 2646
3373 3187
5498 7823
2059 8670
4511 3463
5627 6224
7781 5315
2932 4765
3631 3424
9768 1924
750 1159
7082 9982
2497 7099
6556 351
413 7168
4119 6725
3904 9862
1652 7752
3996 9706
3970 674
3644 190
8509 9314
7091 6665
88 1706
1480 9665
2426 7484
3 1451
9530 4595
538 5691
7379 7229
9289 61
141 6945
5133 2006
9929 3585
6996 4251
1472 2402
2905 771
8528 7443
7884 6514
4555 3803
9496 466
8192 4430
3371 8100
7681 7494
2611 8477
9284 5175
7828 1166
4280 1100
9855 8533
8500 6829
3773 8453
9247 3651
5164 1894
4731 7534
9797 2218
3218 7943
160 7267
9052 4646
6036 3019
4554 7949
9849 9837
4018 2458
3702 1395
5631 8747
8790 8636
5581 4526
2048 5940
1766 9963
2014 3726
7348 6192
815 2865
6282 1888
6006 9463
9056 1707
3272 6985
5106 4001
3319 4105
4023 1535
6233 1913
2449 3880
7680 28
7396 7856
3294 1560
8084 2883
5409 530
52 9594
9288 1238
1218 7663
1714 5647
1719 2659
2796 366
4484 5330
3088 2729
6414 5465
2321 9180
3889 3088
3583 7320
809 4152
1038 663
4768 509
5628 9876
9151 9911
121 5333
2485 8835
8695 2753
1525 6042
2709 8340
2891 2733
831 3613
3254 8606
9576 3527
7116 8434
9736 5517
4172 6121
1638 6169
7633 8439
4719 3329
3013 154
5082 9662
1036 9673
4790 1636
5134 3832
8888 922
6178 363
7007 794
1963 4303
9240 3827
5346 5448
4247 8283
8706 5963
226 5253
171 9830
3576 9333
5289 8671
8646 5864
2936 6157
538 6007
3135 9699
6701 9384
5273 9930
8489 2366
