8801
9357 941
4687 4148
9122 4054
3868 8884
6606 2717
6951 3593
2492 6133
2904 1889
390 8528
2379 4806
8178 9213
5609 9365
8260 7046
2047 9242
9602 1329
4755 1656
2271 5612
4311 7159
4235 4051
9323 2976
6563 1367
4388 4485
3656 5292
3923 8779
38 6467
2901 1360
362 7565
8071 5246
5126 8597
4189 9149
1542 7296
2205 2926
995 3561
7613 2685
4643 4762
4514 6413
2323 6294
9597 1196
1115 9821
9095 7979
6572 7323
5130 6437
5965 2427
9959 8168
3176 763
7537 6778
2461 5141
6990 809
8339 8525
1376 262
1555 9074
1667 2626
9188 5944
7018 9577
6816 443
1839 9067
5881 8236
5604 7114
6787 4819
3557 667
1674 4929
5915 9823
9226 9242
1096 32
3938 8698
3026 390
4915 2886
3234 188
234 508
3872 8269
938 8334
2761 9663
2781 8340
2820 2002
6610 3379
9588 4205
7666 3773
8815 184
8124 5779
1723 2815
2477 4353
978 9204
8516 4494
3294 7715
1196 1819
595 5507
3523 5447
6297 5814
3617 8862
9739 1723
3301 8909
7292 9364
9386 1521
2991 546
9316 2781
7618 7822
9687 3423
3708 7241
7112 7402
8899 39
5178 7700
1754 3012
9383 7743
8864 7112
6718 5324
8085 992
9707 6099
6413 448
4935 2781
8613 7918
7229 4283
5583 9098
1856 6182
499 3638
6348 4592
8067 1088
259 9612
938 3149
9769 8054
1510 1863
2137 6435
6482 7917
9404 2548
3770 7158
9707 6695
6967 3520
4304 8498
8678 5516
5835 5010
4378 4902
9944 6592
5586 7837
7490 8826
4477 9881
3380 8197
7398 6519
2650 8537
3129 9665
693 5798
7447 8001
713 8217
6851 9777
1427 3740
4620 1127
4772 205
7488 6995
8659 9252
6110 4221
8659 6123
7567 60
5989 1187
8790 9354
4156 245
1179 8105
8432 5824
5653 9079
1769 3464
3984 8280
1545 8880
7663 1609
9602 1990
9812 8823
227 1962
6789 7446
5327 4255
7383 991
4925 3848
1803 6917
1503 8574
7707 3782
5206 4468
3511 3899
7908 9935
1228 3134
4404 2942
975 231
918 831
9813 9601
6387 6671
1864 5557
8499 7896
6461 1880
4829 8808
2908 8505
8922 5005
6066 558
716 6111
5539 4113
326 5673
621 1789
8662 4886
4181 3765
7670 8318
9177 2851
2719 5216
5684 5479
8511 5645
7833 6451
8256 3380
4342 1515
3984 1346
1161 6149
6053 5675
9252 5793
3569 1723
236 3022
6104 4126
757 8050
8350 9833
8805 9849
7708 1977
3213 2494
3246 9126
2603 5655
493 3809
2545 6158
668 3606
8245 3701
4406 7002
8938 6377
8757 6295
994 1789
3729 3604
62 2161
3471 3369
915 798
8297 7430
8115 4614
9637 4153
5967 6001
4607 7097
531 1987
3031 9191
1609 88
6968 9868
3570 5160
1463 2656
351 2844
3021 5779
8789 8256
2145 2679
2174 6063
6608 3034
5439 8458
5642 851
4078 4938
8547 3860
4925 3118
3803 2432
616 822
1084 9862
5430 9495
7488 716
1767 3677
2740 4402
7835 2362
5766 8714
8151 7522
5286 7907
8279 3584
6868 4235
7951 4806
9888 7043
4402 6814
299 1972
7298 7123
336 8813
923 9068
3977 308
123 8094
3983 854
4556 9399
838 2035
4837 3994
715 2172
9113 358
3695 1241
4324 4439
5864 3853
9278 5534
7233 5377
7732 4365
7943 5872
7440 2009
9074 3693
5782 5939
1604 2209
52 7266
8982 3856
8739 5705
309 6543
546 6425
765 6821
4583 5062
8074 4394
6808 3259
8565 7775
8234 9146
8017 7321
8748 8940
4357 8361
5765 9168
2483 6938
844 6159
8261 706
6395 6816
1949 9021
5372 3531
1497 1945
8576 716
9907 360
5004 6467
2211 6132
7962 630
3018 6845
9794 449
3188 6842
7451 7668
6906 8954
5679 8406
9743 7313
1894 9061
2171 761
5495 3514
2963 8311
3655 6869
8556 6541
9866 48
2670 7395
1281 7570
2996 7108
4872 6912
315 4205
5059 9305
9339 9239
253 5128
9233 1265
3342 330
1069 585
2329 8316
7095 3570
1 7149
7342 2076
5538 3853
7870 4113
8754 9149
3944 8028
2711 4633
3875 5059
7250 4733
8734 1735
536 9042
5475 9914
5347 947
6666 318
3327 9140
9179 4970
7842 8555
1398 4614
4124 6643
8369 8954
2560 1959
266 4457
2978 8318
4713 2075
7568 5444
4228 1793
942 3269
1216 4548
5835 6327
7895 3956
7687 3050
6354 8540
2194 4180
2411 3655
208 9891
1242 1441
8963 8065
7186 1754
5934 3590
4954 2547
4130 5765
8532 8637
7664 1568
3066 3744
7310 319
7675 4838
2990 5202
2579 6603
1968 3269
1012 7845
5185 6518
7512 6924
5297 7804
441 6710
2080 7148
5684 9078
9639 6173
3383 1293
529 2624
3944 1501
7191 4055
397 8377
8163 3765
8032 3617
3624 7498
1503 3604
3599 1961
568 3687
1750 5022
750 1085
4703 351
8572 6461
2163 727
7528 2029
8119 1191
9477 9107
596 7532
474 1905
8576 941
9618 8375
421 6289
2226 2238
7515 2339
2461 9947
2127 2528
6078 705
1739 5383
6311 5061
3517 7111
3647 9028
9473 3811
6426 6159
6068 2129
2397 5317
1324 3468
5881 9652
7807 845
3692 3822
2483 5536
4772 7257
559 5303
371 587
1021 7653
4340 9124
8674 2230
6310 1121
3979 6445
8094 7317
9406 4250
8398 2780
44 3254
7928 80
96 8749
4772 3176
5615 8987
6210 3802
4290 504
7262 1338
8598 9376
490 4045
4485 5012
3331 4185
9079 4828
2456 8952
3542 2221
3130 4875
1219 3272
8011 5487
6521 797
5052 9363
4054 5238
3368 3619
1243 5113
1437 599
9073 3731
4602 7157
3891 1288
6002 5075
4482 2657
2120 1964
2981 3080
7522 4637
9685 4471
8447 3459
9250 7644
2733 9531
2796 2039
3599 854
931 7020
3639 9931
7538 3624
9558 7887
4782 4637
8533 1908
3810 1013
445 3985
3551 8327
6258 7026
147 5593
1209 6847
3652 2851
7145 7728
1257 879
3867 5831
8057 7967
8349 9975
3256 2591
232 4004
4375 911
4238 5817
2865 572
5948 8975
2983 7915
7395 7037
4015 3153
5383 5339
2914 6836
8178 4694
6888 9089
3186 6422
9248 4857
9299 973
6807 2970
752 2239
3118 7694
5550 5621
4848 1563
5335 9092
280 4178
7353 8194
5404 7043
9785 7278
386 895
4133 3872
631 9371
12 7719
7262 2151
885 8004
6475 1675
5105 3522
4126 1938
9613 7662
694 7092
503 6742
3241 945
6545 3008
1489 3994
2054 7063
8223 6748
646 8749
2109 1168
1310 6462
531 1401
8619 9507
9319 3779
5543 124
9676 8731
273 2055
521 8597
9362 670
7407 674
305 8697
5941 924
3013 5647
8926 9422
6523 7109
5168 1380
4713 8121
1857 9849
9227 3331
1216 3122
5526 3810
8871 21
402 7367
3286 4770
8796 5427
7171 138
2204 1723
5753 3903
6137 8623
3834 3997
9353 911
4715 5148
9120 9484
3603 2286
3065 8023
2721 6880
2876 7893
9455 4696
9534 7007
9521 8543
6921 4908
9272 6400
1162 9844
2882 2922
1035 8643
3741 1126
4403 1567
5267 7537
655 6344
5313 7938
8893 2004
3796 8251
2016 8260
3106 4563
5417 9006
4341 7684
8970 1343
5353 3374
6658 686
9324 7241
1589 9188
24 7739
4975 2015
8995 1156
2812 4273
4546 4283
5858 1826
3912 2155
2187 9759
8181 6013
5764 8911
5813 607
1826 675
9596 2856
8124 3432
110 1225
7743 8167
3032 3016
9802 2602
8772 8757
1935 7461
1667 6349
2962 5432
1919 1931
7827 9075
649 1112
3739 9983
8486 9736
7512 3023
6916 6631
7563 7988
5440 7728
5607 1097
7649 2378
928 9004
5039 3034
2888 172
5841 6570
2471 5055
8180 3391
2841 7117
7728 1890
2449 9090
7919 4010
7325 61
2356 7760
4711 9772
6833 7500
9211 7554
6064 6125
7405 213
9358 2825
7753 6978
1419 1566
5709 6521
933 3464
5470 8486
29 5795
8589 9621
7696 243
6304 7796
5161 269
1358 2603
1986 404
5319 4970
4837 4286
645 5921
6271 3060
9328 239
7140 372
3021 9617
4379 624
7706 7256
3637 7574
3196 5463
4514 7216
8544 4331
6972 4367
6687 2521
9937 3726
9281 6215
5355 7030
9171 603
2952 6738
7885 8201
768 4894
7200 8040
958 984
6413 9736
8555 2502
6079 2945
7016 7629
383 9732
9550 9497
7768 5656
8976 5190
396 5571
3881 100
9715 6575
6030 3277
376 13
3330 95
147 9489
1779 5042
9028 8503
5837 4691
8319 7015
5688 3242
9852 7213
3289 9170
8521 4117
6725 1826
9971 5971
5369 7554
7484 2881
4366 2520
2702 3462
5973 7586
873 2758
3471 5457
388 4291
4356 7012
3089 7512
1890 6200
9960 9498
2085 3163
7983 6239
1194 179
1665 6616
7673 8749
5722 3923
2137 9804
3330 8027
3865 5874
1346 9000
819 9866
1711 4282
6683 8178
3680 7129
6174 494
5531 9340
1266 9031
7512 1259
7227 5961
6363 8236
7480 9044
4187 2316
6355 8277
4967 8919
1493 4476
3870 5658
3263 3238
230 2214
3300 9385
6604 2461
7681 3296
159 595
8935 6178
9755 303
8661 2086
1222 2658
4769 5209
7115 2737
3331 8840
5009 4335
2291 6165
2897 1930
2006 5157
6450 413
841 7542
9742 5501
2082 2504
2935 8342
88 3671
7100 9335
3924 4447
7472 1971
5603 8711
9027 3799
961 6009
4783 4765
3257 2464
860 546
1463 1664
563 2918
1225 9090
5178 7444
2391 9125
5511 3797
5891 5826
4232 1939
4237 9099
2077 6328
5720 982
4679 6151
8693 6078
8749 3983
1479 3831
686 9255
8651 9882
6225 2701
6360 3457
4433 9635
8137 5401
6136 8443
8481 8856
8305 5903
7254 2434
3411 459
2742 9925
9843 1610
2162 1383
8891 6613
7719 8845
9149 2867
8996 7598
4614 6093
1069 993
1166 5320
3699 6631
1171 9925
766 6899
2972 5626
9652 8121
8148 2496
416 6347
7599 9217
5125 1118
5135 3596
6943 7678
4289 9826
8476 3430
8722 4600
5170 2761
3991 5579
8674 6196
6206 8077
5453 8860
6079 1010
9573 1058
3888 7536
7989 3176
8922 1768
2791 2066
421 3
2948 7737
3441 6408
4694 6045
1593 7284
5980 845
1703 2459
5239 1782
5444 1131
8904 4568
3135 9392
7555 3194
9171 3500
5058 9279
9275 4362
1626 6524
1945 2
9833 8166
4515 4940
7537 8141
9185 7374
5609 1508
8761 4653
5105 8475
4398 6077
3356 8015
247 881
2507 98
4599 8418
3556 9212
6620 2428
4177 8346
1889 6341
5213 4420
6573 490
9655 8190
2298 2599
7006 546
276 80
939 9850
3510 7619
5759 7186
8033 6066
4735 4109
8126 9898
9026 4921
5316 2745
691 2259
7570 3167
2305 8606
8135 1653
1175 6343
4301 5834
2345 3319
5479 5767
3852 1144
2639 7561
5286 8548
4241 2467
9460 3154
4990 853
815 2405
4471 5769
9310 7033
2309 7766
209 2851
3638 4840
5156 7557
4395 1446
1364 2016
5247 4110
5733 1295
48 8654
2204 2196
8484 9769
2795 639
4947 4831
3336 4282
179 3913
8258 541
7877 7097
235 5360
7395 7536
4286 9578
7256 2231
7592 6711
8837 823
6718 376
4128 3242
7107 7641
2797 8837
9551 2252
3486 8851
4939 3013
8181 720
6152 9938
9936 6863
2556 9371
6494 51
6015 4525
6396 331
1325 6590
4995 5857
2751 9976
740 3669
2233 1369
6581 1301
8315 699
9172 1855
1490 8329
2801 8326
2150 8851
5324 3758
9301 6131
3777 2715
9539 5331
2952 6310
9415 9190
2282 6707
8871 8697
7565 6134
6903 4453
6890 7367
374 3484
6713 9761
4337 793
523 2108
1636 9606
9646 5496
9143 385
3729 4793
2222 2386
9201 9991
3573 105
5144 2700
6960 459
1439 6035
1283 8487
5524 7089
7742 6781
8854 2388
4458 9918
6215 3097
6400 6537
2312 7090
3760 3742
6156 430
7771 222
6858 2756
9200 4095
1279 5865
1528 2897
8315 3021
6735 1808
1277 3818
8969 780
1409 8308
4389 6591
4569 661
5368 270
5858 3333
1062 7140
1963 145
8585 1833
1025 4218
6290 7061
1401 9543
4060 8960
5369 5981
2727 2622
4692 6913
65 1487
6566 4140
8748 142
9804 1339
684 14
2167 2534
3466 4054
889 7717
7959 875
7816 1597
8685 4910
2206 9561
5111 4007
9480 6040
9758 2243
8897 4004
5211 9970
3533 5662
5896 643
6875 7856
6363 6130
8343 8467
7279 4004
6816 6945
8812 5645
6455 2848
9727 6841
3713 1039
5399 6185
3909 9134
8139 3082
2154 5651
6186 9951
6357 9363
6419 5418
5734 8670
4955 4459
1497 5799
7265 6978
9614 1949
1505 6048
6130 7519
7981 312
7767 8591
8025 2948
620 9632
4640 8949
4840 6883
8442 959
836 6960
1149 1407
8431 7933
8446 3188
8045 5856
9068 3145
8049 8868
8459 2980
7602 5990
3191 824
3318 2664
8839 3068
71 2039
807 1904
9422 8152
1257 6860
3411 6390
3990 554
2912 1305
1348 1506
3227 6933
1664 3764
8422 5382
8934 5073
8541 2306
1313 5285
2907 7368
2117 5774
463 938
2757 1084
9729 588
4715 7434
5814 8541
1492 8069
3880 6388
7449 3906
5943 9540
9377 2165
6943 3880
5493 9359
2891 4293
4505 226
7462 5415
2816 2534
4288 7420
6236 1375
1149 5078
1040 6436
8297 8329
5980 8852
5291 6896
4053 2100
275 5152
502 5122
7499 9980
666 7232
2365 3703
9514 9575
9975 1268
4716 3279
3890 9085
3534 1044
565 4681
8893 1000
2531 4670
4321 4970
379 7747
3720 9539
3889 1467
1554 2329
6062 4814
3947 3697
914 7417
614 6966
6877 4882
457 6768
2794 3219
9522 5295
6865 1651
5826 600
2748 9401
1156 2513
356 626
8764 6188
8551 9099
6225 7454
7564 7467
489 444
1941 4294
2983 1665
1717 7655
3592 1508
6676 741
842 3298
9720 3675
7166 9005
7371 3720
2257 4487
6210 5335
5510 8544
8082 4677
1157 6032
592 5831
9396 8649
948 5530
7552 4835
7938 7356
2576 6001
3463 8762
9439 8331
9364 8028
9049 4908
4149 9605
7144 3905
7467 5490
6310 7465
7706 5370
7861 2584
4006 4423
8053 5420
873 6767
7192 3863
1472 5146
3622 1224
7285 912
2034 3164
7966 4416
8816 9673
3642 4969
2280 5855
2137 1255
4981 8650
983 4608
6555 8035
4157 238
8080 8407
8176 2675
2562 9360
7423 2638
6290 8410
7463 6561
1190 8657
3873 9381
6619 5305
3865 2534
9401 8602
3647 4669
8869 6702
4978 5082
7112 6355
9237 9275
787 4048
3987 246
696 2852
5132 2181
242 3871
664 1151
8702 6124
768 7634
709 8024
6101 4127
8010 6230
4989 368
1244 2951
8744 2994
9202 1676
1723 5538
4397 7273
8794 7742
1367 7068
5423 6793
9047 8181
3163 5727
2124 305
483 9322
1213 6004
4915 4609
931 83
3348 6674
6628 8832
7071 1968
7628 802
9982 4406
9748 5084
1592 8865
5434 6273
7141 6465
9519 3471
672 8069
9154 482
3281 8571
4612 8509
4913 5133
5512 8316
4960 1534
684 904
895 3138
7869 4300
854 2482
1948 5367
5557 4363
8799 4978
7077 322
9369 9511
4019 9784
2623 1327
8497 165
3906 8278
1293 9073
7423 3947
3122 4034
9851 4945
6687 7290
9735 7747
1930 1408
6823 8979
9237 428
3516 2642
1495 5999
3430 9729
7141 8959
9842 9796
8758 3559
6600 571
1584 3337
408 4217
9180 2413
9487 2886
4036 6244
1008 6589
3673 307
522 1488
664 6340
2666 3306
5556 4124
741 5249
6474 4237
8916 9028
7172 3885
6885 4833
8966 2432
1080 2988
6800 5655
4711 9412
6892 8191
2235 8589
688 6146
507 9228
3777 3236
2177 4289
2909 7786
4226 3012
6536 3896
8867 1200
9693 2502
9553 8374
3852 9301
3991 6078
6429 5819
9373 4559
8126 7030
6118 997
1747 6458
7068 2138
6939 9161
2208 2602
6250 8263
9682 2323
7002 2491
4168 9482
8458 7391
3840 8452
2208 8590
6645 8605
5931 1817
3447 3726
6650 1062
6343 4498
4673 4264
8729 8683
9673 418
8446 3209
184 8972
6753 9925
8285 9648
1531 6436
2546 8124
2663 5720
1616 9549
5395 2038
7364 7128
232 4886
4854 4956
2716 9570
6210 7346
6613 3382
2341 153
5156 7995
100 1622
3368 5117
9545 3263
3184 1319
3275 7655
7365 4291
7438 3980
559 5064
6734 2397
9518 2408
5785 3927
122 1171
9619 7152
1042 6811
5120 6909
9913 7366
6237 5876
2746 6144
1760 8351
7640 470
3516 1905
146 6914
8275 8932
3234 1677
9139 368
9441 5146
1456 7050
2028 9735
2742 9854
3035 7588
8027 5873
1240 7377
9177 8595
9328 1862
1783 834
4732 6668
7217 1653
8264 2341
4336 9917
3270 6201
7215 4541
3353 5365
7012 8714
5077 1981
2853 2366
8147 3229
8505 3207
1655 5841
7136 1144
1761 1046
6020 1176
9295 9764
573 9161
5315 3685
56 2513
7855 3128
2047 6071
1505 1192
6420 4162
9110 6501
3427 8680
4180 1278
8738 6646
6625 1539
5970 7778
641 4230
2689 1178
2167 6282
3848 2423
8792 1518
8214 2295
4472 2223
269 4033
7600 2556
3666 6745
3320 6103
2321 7035
6408 9583
9830 9747
6077 5742
8829 1625
3265 840
6892 5269
5029 8282
2582 1376
7925 1376
2420 7633
2053 755
6901 6561
7292 244
7293 4606
1696 1941
4326 8727
5518 5638
2448 3198
1618 2796
9886 6643
6465 6669
5804 3383
8649 5568
2092 7430
7201 6155
3422 6235
2671 7471
4699 1367
680 5014
6227 5513
166 2463
7430 8044
496 5139
6491 5901
7594 7045
9122 5687
4355 7212
6779 4518
860 1329
1536 9410
9858 6341
1961 4236
8548 5345
9303 4718
9523 1980
5843 609
5180 48
3299 3342
2921 5445
8974 9202
7934 52
5268 2955
386 5639
8010 8241
7624 7206
3880 1016
950 9188
404 1602
1965 7112
9828 9896
6895 2329
1966 5757
6043 2019
6597 6845
2112 7249
6623 3920
9179 459
8541 9679
7564 7141
4657 9228
7785 1466
1277 6262
305 2761
2991 3810
886 5231
8046 9413
1274 8461
852 8820
1958 2711
421 6909
7505 1678
1112 9502
1036 8117
8848 7857
2080 8627
3877 4410
3413 6651
6993 1337
5813 9562
8722 885
9326 8365
9636 6421
780 4641
2958 1190
6262 8180
1209 3009
115 1893
7858 5577
9133 4659
6763 8784
9450 13
5138 1708
7663 4204
8093 1127
5888 9382
1812 4943
914 1543
2614 6868
3059 7115
5856 2756
3141 4549
5531 9071
9290 2809
701 4941
8727 8111
1795 8044
7015 1337
8204 4373
3830 245
3768 9968
318 4286
967 7758
7739 3065
9160 6666
5611 6244
724 5728
2338 6724
5094 8352
4821 5254
5192 7478
9897 4047
3240 4248
7011 5439
7158 4138
3123 8054
6631 6394
6133 3161
8769 8528
4784 1859
3301 9805
8184 5868
6764 9136
2880 481
92 2507
8058 830
7558 7206
7272 7293
7449 2269
7583 3012
3057 6025
92 6000
8759 6265
1472 2894
8459 6342
6333 7479
8932 7139
5528 1067
7889 22
2975 2601
5244 1856
5531 2753
9038 6630
8699 4491
100 3299
4673 2515
6004 9126
2651 1867
9799 3809
7766 2317
4775 9468
5207 6088
2542 591
3086 761
5928 3872
640 7050
6023 869
1939 7359
8358 3653
939 1094
9968 4850
6281 9472
5349 8202
7688 9470
6383 750
6240 1304
6446 9831
4475 6583
7527 2834
5962 1834
3694 1445
5835 3378
544 1557
3201 6145
8637 2920
8322 6851
1889 8058
8327 7783
925 2367
4196 4692
5499 1723
6484 5233
4723 6241
5962 6137
5648 2841
9441 1681
2121 9283
3230 1977
3234 3517
3488 1461
7146 1144
9741 1929
2739 1093
2934 3377
8832 5617
7114 3849
8534 5366
8271 8955
742 8850
5276 6879
9126 4603
2741 2921
173 5647
5617 6117
5785 5537
9363 6884
1363 3407
8797 4649
1624 4643
3013 3083
3220 1332
5287 7342
4452 5041
7143 4622
291 211
9569 8954
9809 3951
5368 2299
1067 2721
603 2451
4055 5077
3176 4465
6018 2221
8996 6307
9567 6994
7325 5624
3179 8618
2178 1138
4039 7212
3459 7756
2925 5270
3011 1331
3612 7257
7432 9169
1683 1625
1106 2164
8447 8073
7103 697
635 1338
6209 5258
651 9349
850 4036
5332 987
1733 948
4535 3387
7361 7577
7931 3445
8642 7720
8178 2440
9242 340
2642 1188
3292 6622
4677 4115
569 9138
9552 6396
3559 2335
1477 216
5307 1548
1855 3627
5410 2153
3156 2082
2223 4938
5568 7347
4796 3612
2286 4215
7446 3492
3570 5393
8774 6705
7202 2699
2296 8283
2075 4499
2035 1777
9479 7436
1127 1214
6650 8271
3078 4010
1525 9107
7379 9883
890 4151
3670 1269
494 7819
7767 5274
9586 7484
4442 7087
7645 8479
6981 2185
1162 1633
4784 3506
3656 2929
165 6011
9710 3599
8198 3170
2200 4644
367 476
4650 2314
4287 5242
6785 7473
1935 9285
6751 4331
7930 7794
1634 8037
3893 3050
8865 8300
4477 4029
4683 5647
3553 1729
9411 1259
6189 1224
4054 7632
4465 4997
5521 6741
8818 1265
4144 8752
574 2417
7724 3820
5237 2432
5175 3213
9037 5931
6049 4547
7892 3868
3296 3393
8473 9606
7989 1967
1555 6135
4209 6127
7791 578
9628 8696
6172 9172
4200 5379
5294 3496
540 7652
5507 2074
9767 1009
8839 3529
9956 5611
4567 8649
9063 8988
7017 3157
9791 5344
950 764
3780 3984
1329 4897
7404 3235
8305 8748
3423 765
3648 1304
7904 6664
5260 2034
8966 5878
2249 6105
5689 1683
2480 1787
4236 3399
7945 7251
4155 6379
4076 2746
7225 8223
6252 1420
1398 6915
2707 6311
2583 4677
4997 7591
27 2269
4837 4723
7574 2219
1886 8170
3464 9460
9863 12
6686 7127
8544 2989
5912 6561
6909 3742
6625 7868
4086 298
7962 8954
5627 8624
9964 3863
824 7952
5825 73
607 4880
1611 1747
3672 6318
2818 8275
6194 8548
9837 4537
2208 3905
4564 8430
1159 4366
7303 6077
8822 9563
1655 2794
2685 9859
4302 2395
5935 5505
8645 2722
4545 4297
450 5932
6111 8804
6240 9006
9570 2227
7215 8832
4144 4091
9638 4473
3246 284
7140 6740
8896 3365
8678 5921
2078 5806
4912 3125
9396 6912
1766 5483
9168 8512
9866 923
927 7131
1339 3070
4820 2959
4543 4665
201 7307
7853 5533
2882 8336
5780 1289
6630 1802
5603 700
2025 287
7277 3507
9142 5269
586 3638
6295 6482
328 2327
3481 4462
7731 8305
1892 4833
8899 1093
5707 5240
3670 5099
289 7962
1884 3988
6027 7546
2581 1212
8565 3193
8604 4750
7557 7132
6931 7513
7603 2325
3811 8020
6678 1610
679 2856
3029 2055
2402 8291
7068 2757
7420 7905
9270 1063
1021 3799
4739 7295
5545 5833
7658 2636
8219 295
7667 8465
6472 9855
8322 9327
391 4658
138 1203
3053 2226
836 4548
3785 712
7550 3492
9297 3481
4865 214
362 6708
2729 7404
3653 6188
6341 210
8209 4232
2130 3425
3939 1331
3852 79
1646 7917
3555 4394
6805 9518
790 2522
7766 6070
1342 8268
5790 8069
8919 2987
1805 1169
3916 5684
6179 1336
5078 7203
7850 2721
3448 2187
2849 8038
9868 8294
9448 527
6206 7305
6021 6265
1980 1158
5719 8891
6000 2218
8141 7158
1393 1022
1932 1384
3572 3368
7551 6162
8520 2746
8628 9115
7747 3242
4489 1849
3127 7781
2567 2615
4811 881
4633 2363
1453 6427
9710 563
6980 6559
794 9476
943 2247
7247 5955
2023 656
2254 8092
4447 4924
9903 1078
9826 2587
4234 4071
6354 3323
9652 4478
7901 7595
5310 6177
1836 1199
5798 5649
6459 4488
8808 6370
1758 1704
3011 6975
7544 9306
5311 3495
4820 4360
441 5069
4857 3848
974 5827
5159 7307
1784 5878
455 7147
7213 7665
111 461
7283 549
3449 990
5165 1626
4835 56
3192 9348
7143 9505
9514 8166
1760 318
5430 8272
4685 1352
9973 3574
7218 9163
1107 2521
5760 3308
8426 6854
6554 1339
683 5544
2543 2160
6519 4917
8187 9262
2775 9723
5453 2058
5334 8616
7665 3239
6870 6407
7212 3762
7064 8454
6907 341
8223 5825
8461 7134
7710 5977
87 4443
7716 6150
3320 4292
4399 7257
5423 4292
1142 9583
1915 1747
7324 6260
4637 3581
1322 4347
8005 4122
4283 6468
5500 499
3152 2916
4868 2543
4675 4150
7510 6929
6995 7828
4787 9241
3856 7922
4557 3957
9399 245
9589 2536
9081 3347
4178 4795
803 1291
2480 4111
1201 9944
2107 7586
9665 5122
6723 9194
8940 7360
2582 7143
3743 3732
8005 6710
6195 8588
8423 5795
727 4402
9425 7090
6850 1168
2783 8641
875 9537
3604 3345
3060 867
5053 6479
5060 2065
2662 1412
119 4141
1336 7832
1557 9562
9400 6020
2243 55
8005 4971
5804 5371
5741 1403
5669 7264
844 8099
2081 318
2748 1587
9501 7909
9458 5134
2614 931
6228 4809
5035 2647
2302 7788
3633 6715
3575 7966
9017 8789
5815 2617
5329 8908
9416 6287
8556 8456
9386 2441
9777 3094
2061 4749
9895 4472
2124 4175
3020 4495
42 5790
95 4011
1563 427
2884 6932
6141 7642
9417 845
9422 7722
3758 6721
4694 9113
5533 522
5605 7795
3482 8808
3862 9968
4689 6624
8779 18
5153 7924
2186 6820
1585 9138
3017 250
8279 8052
1059 3880
2723 3680
5107 3623
8225 5612
4206 1105
5732 3104
9921 4192
579 7638
2965 1092
4107 830
1670 612
594 6918
1330 8035
8811 3866
7161 8393
1894 9594
1614 3911
9620 1622
4666 1995
2048 3192
4230 6655
1797 2559
6685 2444
8931 910
5365 6848
2926 7404
3878 2998
8858 4103
5781 4974
5847 6405
4033 85
6890 8019
8776 7430
9338 9628
2149 4142
1628 3807
5494 3582
9657 979
7880 816
8272 3676
2208 6155
2787 3087
6180 4161
6673 6817
7199 4162
2860 9459
5201 4533
3028 1021
5739 895
1489 9093
9190 7594
4473 2078
6836 8862
2196 969
7447 5308
4363 4477
271 9262
6145 7252
1623 3146
3687 4200
6544 1574
9143 1173
8294 2562
2552 8303
1334 323
4303 1275
1768 2770
715 4277
4185 9210
761 4579
9981 7428
3909 818
901 3351
3107 3950
3798 4537
9531 4888
2913 5912
2630 6981
6782 5758
6704 8667
8404 6535
7440 8531
1259 8385
1708 4983
4536 1220
5774 6564
577 9520
160 4509
5198 8471
2190 3796
5893 9991
8056 1106
9901 4555
9051 6068
4488 9776
2042 7567
7390 1897
5732 7938
8655 84
223 2925
3390 1465
3087 8249
3794 1322
7292 9321
6446 2152
383 9952
3040 2065
938 2600
8979 4961
107 416
4743 3562
9756 1778
6226 7835
4586 3639
5026 791
3094 1710
6221 1203
6134 9181
6231 392
3636 4540
5460 6048
3626 4440
9893 3703
5201 8185
7966 6253
8130 9924
9636 8413
655 7993
263 7016
6544 4839
4126 3948
2899 5642
3259 7190
7291 6709
119 4774
4560 7705
4915 1562
765 8415
2297 7071
760 2485
9698 6568
2489 8184
4727 1371
1664 9796
7680 9858
5374 5920
1210 4108
9700 4476
1328 9444
5346 1807
1999 4254
6478 8274
3352 2431
7580 3476
7392 666
6987 372
9283 4302
8727 5876
2744 5399
5955 6177
6287 8372
6436 5362
2618 6081
8055 4387
8389 5055
3161 3196
3672 9462
7033 5253
9906 3343
7035 4632
1033 590
3527 7337
3845 5801
7077 4115
3717 6257
6318 2023
3951 9644
543 7604
7255 9836
503 2972
9309 9542
5877 6802
3630 8813
3647 6562
5837 537
7897 125
425 4004
1611 748
2331 7123
703 3361
6620 6688
3010 5731
2077 8165
1805 5999
4851 6237
51 1416
1862 103
2311 4052
4438 1159
2908 4766
602 7826
8360 6769
8204 7680
644 9978
594 8987
1042 4039
9750 157
3103 3396
8904 3036
7242 5095
2196 611
3294 3957
6851 6751
9441 5381
5361 5284
8516 7163
9491 3992
8828 6385
5950 9108
6516 2061
4964 9652
1077 1850
1493 3459
9249 3662
4 8368
1747 2684
1017 1791
8412 9406
7292 2786
6685 678
7992 6657
1657 8130
4479 3251
6908 9339
7077 6011
6924 445
1623 3457
5242 6390
5957 6818
837 725
5811 7195
2476 5859
2842 685
3612 3924
5383 9916
5622 1291
2529 5705
4640 514
161 1859
4711 8523
7058 4887
5068 7533
9542 5441
6134 9928
5228 2345
4438 2677
2748 5862
9744 5299
1266 1813
5917 7073
9132 1728
5421 457
4592 7156
4011 4163
1658 1336
895 1676
9972 7212
7432 9881
3901 9494
5289 8540
855 8421
6848 5143
4916 2818
617 5405
7736 6765
79 2323
3396 3677
161 3483
3847 4439
9956 7278
1620 2533
4000 5424
336 6598
120 9581
1975 8537
9635 1249
6899 6434
1868 5726
3429 7046
3959 5633
3754 2168
7248 6540
1477 5134
3029 3888
1611 381
8419 2628
7719 7673
3989 4721
4417 3816
6391 5182
8895 935
4391 7359
2684 5431
2521 5452
2940 7363
6247 8416
3892 5778
1818 3950
9437 4024
140 4344
9548 8665
8496 2366
4175 385
9335 2455
7350 209
6869 8292
3600 4658
2658 5152
4461 7889
6472 6429
1415 9319
22 940
4638 3479
2600 1107
9033 5623
3253 3618
1785 8167
1094 9733
4452 8748
4541 6497
5401 6341
8865 4824
6273 8693
7298 7970
477 9012
8627 8392
1070 7951
3029 183
18 6174
6435 5830
5239 3673
4610 6118
4917 3121
1514 2030
2331 6346
8330 6709
8245 7690
219 2629
6642 8904
6857 4445
2199 4667
5531 1790
477 8211
1782 604
1189 3798
3007 965
5724 9407
7759 3124
2375 7315
2725 9843
8820 2659
5436 5080
9346 9947
9408 7869
5290 7139
1113 8522
4769 7787
4896 8785
6476 5032
3874 452
7048 4086
9169 391
5426 3530
6604 8653
3292 136
5394 5911
7855 7266
918 4964
3626 4618
670 9334
5061 6196
4782 4732
1955 3078
736 1912
4939 5280
7027 6261
8324 7642
4342 6567
5435 7851
1790 2510
3902 6154
5852 7912
3841 1045
6830 5391
6690 5440
5804 5322
1686 771
7811 7016
3957 4988
9914 5052
7248 1767
579 8036
9788 1478
5476 1922
6309 5642
7570 1947
4045 3185
4280 6226
6559 6122
9027 2796
2466 3225
6078 1874
9089 7485
4269 5474
2331 6166
3865 4178
526 743
998 3356
4487 7852
7491 6198
7520 5731
2751 6446
285 1694
9015 7922
8898 3452
2387 6583
3583 9197
7520 9668
2679 7121
6276 3009
1380 6919
5008 2362
2577 8681
1532 3161
9960 280
1005 4813
992 6041
5134 2277
1996 6368
3849 6770
3284 2327
2514 1113
8557 5411
8256 3891
9614 2657
8394 6289
7117 2840
1384 2707
3646 239
4878 5713
9735 3344
9388 7936
7953 8909
4623 7169
5348 5654
1710 3320
6571 7197
9355 4259
9560 9937
6666 7700
4490 4667
5679 8748
2690 2054
4524 29
8078 7499
3191 7875
8004 3171
1554 9968
6827 3078
2835 8553
7709 4069
9444 961
173 8945
6757 4737
945 5259
4576 8268
5298 3436
9112 733
3511 2020
363 493
9523 9601
2809 3578
5441 2650
2017 6028
7892 7973
4063 445
5160 4578
591 6681
5048 9054
9607 1085
7733 5335
4874 2874
8271 8896
558 1664
2828 7812
4632 9907
7654 1838
6503 2376
3112 4944
6173 7881
6742 4237
1612 6228
4512 7712
398 9754
1620 5298
4480 2005
4474 5529
3875 6927
5331 1007
1052 9218
3769 4843
1975 7417
4555 5592
5775 7429
9230 7904
4911 7765
7161 6347
6612 5713
2184 8760
6799 3310
8776 8386
7449 8355
5085 6083
5286 3560
5790 3574
2715 2664
145 5326
667 8325
7603 9456
5967 1495
3046 3567
6599 8631
4959 3743
2445 5182
420 4881
5853 7862
6846 7761
6581 4731
9785 8288
4322 2876
9663 328
5683 9621
5189 9441
5957 3597
1933 5752
4053 4694
7820 713
8526 4656
8556 4585
4999 5512
3307 3907
9146 7381
3224 7650
7979 7865
3721 3634
1554 7946
4577 2902
666 2313
720 3187
2979 7377
8941 2532
5646 3203
600 4769
4137 8720
3424 2918
7674 633
2138 3355
9634 5035
4586 4509
8452 8692
5571 3214
6873 2174
6444 4202
135 2921
5054 8148
8128 3838
9507 990
9458 5045
9548 7891
1256 4952
3716 7048
1961 2892
268 9048
3045 1411
5036 1896
9011 3279
3921 8786
6590 6189
4027 2638
9244 7153
7060 7322
5915 9407
170 3539
2476 4605
6550 3117
5417 6104
9178 3940
8154 9124
7454 112
3366 367
74 9754
4744 1854
2800 2307
4823 7926
8310 8742
5300 7189
2988 3831
1529 6610
6021 7203
4220 2666
3062 5876
7246 9146
6085 1550
5213 3517
2849 2960
2663 9348
310 716
6419 4
5857 7142
7507 3353
2153 4678
2793 868
8193 1941
6574 4434
2577 9038
6099 8415
6319 5983
6994 1277
4665 115
5981 2024
8566 5616
8045 4450
258 9117
6706 8318
6366 1995
6618 4356
9439 1444
3570 1975
8513 5264
4940 3551
6458 1785
439 5712
8829 4259
6977 4773
9726 6529
1572 5039
4821 1341
9194 9742
4669 250
8803 2516
2508 1690
7925 6598
8337 362
5378 9731
8289 8596
8327 4
8822 6486
8264 9336
2828 7815
2769 4005
4175 7150
6384 5269
5351 4229
5409 2075
9340 9285
8440 9599
6808 5450
9758 9185
8407 7802
7390 5647
8925 5779
5658 9219
1599 3076
4255 6934
6578 8236
2006 4651
4733 1302
1785 9288
6000 3677
6433 7919
9647 2553
7915 5762
107 7236
3193 8567
8644 4709
2524 3653
1824 1764
8301 4446
3209 905
7062 9526
6920 3830
5740 3507
7305 3143
2226 4099
2199 5760
9313 1328
1548 5642
4991 4459
5200 4845
5981 2099
9664 5869
3191 8065
5627 7721
6461 1514
9750 696
3081 9132
6718 4143
5509 139
2876 2578
4013 4267
8804 1448
297 9735
8104 1363
834 4274
1993 474
8447 558
8188 927
2058 8893
1698 2524
6448 8451
9079 3767
9244 4919
3837 7363
52 3725
8074 34
9430 167
6757 1241
8828 4419
7995 6363
1490 2927
829 6979
63 6089
7368 1218
9028 6440
8595 6656
9282 5014
8130 7
1109 5919
2501 9806
4638 7339
4293 7295
6449 9305
240 4069
1480 5867
1739 6471
6440 9068
9062 3669
6786 4314
4256 2877
2994 7086
2661 8270
8945 8468
1301 9339
730 8197
7622 5737
8089 3157
6853 4482
1457 9848
1147 195
6331 5803
1699 435
5312 6063
3597 4951
6697 151
140 8805
4672 7022
9168 8248
3778 395
3202 177
5644 1829
2528 1902
1068 7105
7804 4505
2052 9731
8532 6459
9976 6016
6771 696
7665 1302
1289 5935
7129 3124
3497 896
302 7059
4656 9317
5313 6527
1617 7357
400 6752
7234 9363
5347 8693
2382 3621
8927 6503
6153 8071
5077 2494
666 31
6724 828
4472 4946
2089 8462
9976 3406
8481 1997
8132 3863
4556 4916
1632 3143
5678 1729
5261 1706
2158 1475
4372 2276
1453 6754
203 1136
3720 5045
9733 6524
7897 8697
7123 1362
9251 927
360 6703
7465 4929
9401 7723
4546 8239
5941 417
842 8014
3121 2302
2499 8151
7293 9892
6434 5013
3217 2967
26 4042
2370 585
4312 6081
8796 4300
1291 3252
6734 1381
5067 1119
7436 3654
2502 2787
5268 3974
4982 64
4465 5944
2409 9926
2110 4109
5610 7668
347 1951
7215 6055
2250 7245
5456 5976
3988 3200
9288 3232
8788 1875
6227 5757
6395 2214
5422 6327
5260 3384
1080 5844
2088 5726
8834 5135
2719 1069
3509 9262
6357 4853
7627 3297
2424 350
5218 8142
2530 5975
5633 5553
103 799
830 2686
568 6275
5585 1316
1654 2344
9993 4996
3555 7437
2499 7964
2275 4741
3456 9263
3922 352
8922 4226
3039 7533
8554 651
8775 3133
7927 6916
1656 1879
5169 9763
6133 673
8471 5916
6995 6830
4831 6915
211 9605
9686 509
7131 2284
4923 8347
2943 9338
5804 203
3758 4400
2364 5775
407 9306
913 7348
683 1043
9649 6540
1655 9462
1192 6424
954 9310
6450 7781
5440 634
7844 1230
2026 1859
299 5061
4742 2051
2550 5452
8424 3862
6083 8212
7732 8144
9464 3683
5909 37
5680 1759
9552 918
8679 5130
3013 1585
3096 7708
4203 9517
4949 7201
7701 1616
9879 3341
5443 7994
2165 6768
7616 1592
4350 1995
8312 559
2146 8199
4389 8659
7582 3458
2507 5520
4779 3545
2047 2517
1673 5305
2640 8999
4983 9694
4390 6393
4620 8821
3896 9734
7936 809
8289 8536
3705 4691
5900 3287
5896 522
5682 3659
166 8620
6401 640
2899 4470
7571 7639
9723 726
1916 4441
6612 2499
7897 8718
6054 7097
2048 2705
6876 5474
9923 7467
5261 6330
8898 1276
8404 6567
2877 3236
6963 2960
718 6620
7968 2674
7253 5926
8774 6122
683 6663
4745 65
2609 7274
282 3083
6409 9883
9051 2085
9283 829
1224 8448
9092 3842
3057 8546
8392 3706
330 4131
6959 6147
1468 3576
6256 8845
8930 6360
1750 7403
52 9580
2357 5073
8041 2217
2079 8934
1310 4162
6083 1118
4062 1605
390 518
6925 5043
3643 639
5000 4660
9751 4697
8347 7372
7289 7364
2824 6516
6172 3975
6145 4271
3155 8674
8847 6032
8830 4731
2494 186
2613 5312
2626 4766
5953 441
7547 9055
3150 9498
1747 51
7980 3044
2500 2624
2033 8032
2742 1778
2091 7781
1338 8240
573 3971
5783 328
3414 3236
2661 8847
5882 8438
6622 4401
2586 1456
7071 8336
2646 1314
6669 6086
9420 2698
808 5296
9794 2700
819 360
4966 2593
3462 82
5165 4996
2080 3832
6281 7656
1540 6319
1048 4399
509 9945
585 4810
3931 7276
3137 6544
652 9109
5575 2948
9578 8401
7437 9103
2858 6164
3035 8131
7634 1879
1840 182
9307 2068
5306 7076
5055 2638
7727 5419
1580 9876
7884 7771
4244 9545
1974 8473
5248 3460
3971 2454
1013 9466
9355 2528
4409 1574
7042 1771
3134 9539
1202 9448
6360 2363
4130 552
3210 812
1631 6108
1689 1886
3840 2832
9263 6699
5543 1119
3170 7264
4401 2834
7684 2019
2207 4182
755 5558
5404 4909
3574 3273
9087 9154
553 1992
6293 9762
9193 8310
450 1537
5920 349
6615 7044
3597 5609
8621 5637
9136 2408
7395 1563
746 4794
2940 167
839 6097
9468 8445
9590 8879
8670 6532
5081 156
3778 9965
6585 8885
3377 6341
5128 72
3222 6937
6232 166
1691 7251
2634 6224
9928 3661
4106 1748
2095 7380
3231 2608
2738 3868
3962 6413
6128 9684
1358 8890
6257 1004
3749 4022
9168 5404
7998 4663
6118 8226
4990 8046
6746 8598
7187 4581
1276 582
5848 1403
3365 3339
5934 904
9888 2045
537 2879
5172 2460
4031 7669
2528 3364
7206 2846
9629 7888
4776 1333
1372 3892
8966 6105
6831 3553
5810 2817
131 221
7909 687
2294 3680
8649 3389
6245 2174
8358 1364
9865 6979
4352 268
7364 6024
2713 5574
7983 1316
5694 9157
8110 6254
4642 3568
9906 547
4920 6302
817 2846
4869 168
491 9400
8666 5848
3759 3741
4805 6200
3131 5002
2622 5413
7214 7685
2228 7823
8228 7978
1703 8354
7805 8793
4329 7331
5841 3054
1559 8261
2211 542
4828 1705
9350 7241
9953 1379
3588 10
6959 4013
9317 6002
6786 7435
5913 8316
63 9831
6073 1394
8663 9423
960 992
4115 4855
8826 4593
1521 970
2057 257
8443 5713
1214 873
3552 344
6279 9007
7138 8629
461 5458
2201 6106
3255 9726
5499 7152
7472 7356
4392 3245
8537 6670
7972 3840
3924 4371
7985 5505
9247 1191
5760 2501
1198 3706
8541 1239
2914 6714
2880 6178
1506 2044
6829 8032
7295 9883
9459 1438
1726 9488
2115 8910
6546 4400
1470 3750
6786 7098
7887 9481
4911 3366
2190 2128
9014 5535
9737 8223
6302 1089
3478 2018
8450 5712
979 4770
8940 9159
2175 1024
5492 8633
4989 3742
8788 4615
3075 5933
7452 8847
9013 3853
5747 5073
8991 8993
4230 4164
8527 1473
3320 1260
5990 5848
7037 688
6742 754
2203 9007
9366 5350
8882 3935
9440 7315
4176 1817
5173 5138
8998 1461
5786 5859
3946 6889
7991 172
6341 1730
2863 5981
3251 6757
7587 3675
2178 2562
9998 7666
2009 3052
9429 6359
7944 9614
475 2283
6671 1099
655 9386
268 8561
4450 1023
7533 4615
1401 6583
6239 679
845 3514
7238 6957
9353 7314
5595 963
2608 3422
8566 9058
6390 9966
8408 8302
1347 8906
7776 2282
2274 6167
161 5207
6669 8184
5743 1642
6187 4030
3321 2135
294 7761
2583 3099
2548 8066
6762 6419
852 3763
9133 9863
41 4553
362 1463
6392 7278
1067 7801
5182 9716
5761 1403
9943 6545
6199 630
8190 4442
9442 7558
7738 3585
784 8001
9251 9077
7296 2387
8446 3182
8665 3190
8338 211
8857 3775
1081 7672
9499 1948
5880 3776
1296 2292
8203 348
5464 5049
4009 2170
894 6418
2023 4258
2651 7860
8456 4247
5326 8374
6311 9289
6930 4367
2904 7182
5097 5657
1387 9667
5351 9441
6567 1732
4391 645
4353 3135
5365 5438
6089 7266
1915 1737
5371 2646
7285 5626
8813 8846
6271 5580
1988 1203
5473 2674
2266 1528
1500 4435
5495 4139
3360 5426
5881 9990
5635 6566
3557 5249
9904 6831
2720 4384
9567 1685
5898 9460
6508 7469
846 6741
5131 6941
4061 9551
3975 2541
2408 1992
5756 9870
2728 1398
6453 3335
1550 2364
3918 8757
6387 8541
3291 5276
8175 8750
2772 5611
2715 2601
2375 8894
923 6543
2303 9263
5232 8653
4995 6315
7145 8861
3956 7535
4037 9926
8811 2266
2911 2470
274 226
3475 9861
6340 6064
3644 3378
4096 6677
9775 2575
2917 8500
7987 5756
3335 4740
4481 3060
4735 2518
8513 6805
8281 8603
5949 1147
7560 7222
738 5471
1590 2664
6386 1768
5443 7577
1719 2543
1363 8013
1535 7999
2226 2860
6897 1120
5216 150
2305 3697
6514 9677
1032 4422
7880 9193
5847 6613
346 5169
6155 3696
8825 9873
4656 7411
5322 7303
9879 7185
2250 38
6077 4340
213 4477
103 6805
8041 420
9841 8576
3024 8878
2114 2831
111 7142
318 6424
9989 3513
1260 740
4243 8837
1115 6547
4098 9068
638 4448
8305 4291
3297 9226
3008 7661
9335 4176
9976 7129
9523 2924
8115 953
9763 1547
6697 7211
3454 7388
6204 2034
7772 7631
8291 6299
139 268
5419 7061
8125 2950
8074 9201
3106 352
7541 5018
6316 3786
4356 2264
2265 6743
5408 601
2997 9137
7 5231
4906 1861
1056 4916
4978 3619
5110 1634
7692 8694
3400 6007
3630 7536
8711 1306
7579 5672
4520 960
4852 6947
650 3528
6589 9396
9027 4683
8102 1340
5011 3819
7760 2621
9440 6230
4287 2422
5483 626
5400 7135
9660 475
8703 758
7680 1774
3130 6720
3283 3599
6970 9792
5155 9495
2642 1115
1653 7312
526 9466
285 4983
4321 3848
1914 1079
4711 6032
3000 3631
1260 9373
4130 6043
9843 7317
3044 5601
7539 2859
9164 1375
7769 5350
1583 1621
7048 6348
173 4642
2271 2715
5714 1641
793 1989
510 8736
8007 5180
1464 8863
3084 2519
8652 7982
9542 5283
3207 4942
2321 129
1113 304
919 6194
397 8971
9575 7735
5184 6030
4007 8550
3551 1528
7994 3432
9770 9261
3331 9270
1786 7489
1058 3146
7373 737
8733 1066
4478 6670
2247 7331
8662 9347
9006 8230
7568 1218
1517 2644
9825 8485
4293 8101
8367 9575
7607 8293
4155 3089
5465 9972
5849 3736
8616 7508
966 9449
7397 5255
913 1923
6289 9970
9216 4825
3726 3954
9599 5352
7302 4675
5199 9924
9484 1592
245 980
1330 9507
3703 9580
1261 2537
3624 6308
2241 1704
8523 4813
2906 7778
3181 3494
8743 1002
6371 8604
6483 682
3242 9121
73 7163
354 6396
1973 6865
3411 9125
813 2458
3165 5058
8957 3725
53 8589
2408 7305
5449 9565
4786 9746
1921 8053
3420 5888
7718 4974
5871 8453
654 4724
9808 9950
2859 7478
1555 1862
9939 1300
962 4704
1211 8839
7108 1391
2898 1834
2179 6756
7486 7232
383 9350
7881 5618
8789 8980
6133 1153
220 6204
3218 6514
4632 8668
1830 7977
7497 7673
3332 5287
5603 427
4872 7340
7295 2072
3586 6878
5186 8808
3365 8796
4576 4161
3653 9931
7315 2700
6011 5370
6474 1564
1983 4846
2933 6928
9009 5270
2291 8405
271 6449
6481 7727
3308 8801
9958 3806
1515 7291
4240 4559
8800 9251
4310 9022
8794 357
2930 4809
5294 2516
9397 1763
1397 5028
1280 292
7105 1006
5537 2379
4606 1691
5672 2759
8630 1625
5816 682
7606 8295
7495 5741
6386 4798
7710 967
2077 4432
2204 8956
7731 9219
5021 6707
2878 8424
1932 2424
9964 8199
9136 2368
7484 2541
8717 9928
7918 2406
1678 3898
3004 712
1595 3464
909 644
7767 9560
9827 893
2475 8541
5189 5514
1346 5257
2000 8690
7981 353
1332 1605
7501 6029
3991 2931
5793 2993
4049 4684
1420 4900
3959 8970
8270 8433
9346 4732
2318 5416
9360 1318
6441 991
3570 6180
5332 2670
9972 4552
142 2501
3253 5670
4415 4984
8154 5058
9051 5591
9594 8253
4491 6403
4087 1479
3485 2999
2813 4119
650 6750
9539 4926
927 9827
8340 8113
3023 6923
1406 1763
5265 7441
9263 6037
5163 5969
8702 7602
5193 9566
1585 4570
886 1935
1295 9706
1289 3442
777 7167
8634 1583
149 8391
1122 8672
2172 1334
846 9651
9959 4854
6653 9102
4608 568
88 5637
3709 9259
3495 5245
7891 73
2053 3062
8387 8866
3405 5814
7155 1457
8852 284
9885 2728
867 8353
159 1488
5110 6095
5968 3320
6400 9701
793 1440
9046 9280
4456 7981
1099 5783
1148 1390
4688 7968
6988 7952
4292 142
8871 7668
8219 1987
8511 3285
1141 4816
1720 7551
4192 7402
8696 9619
6721 6559
5699 2391
9810 4015
3055 2441
9372 2658
9988 8623
6261 7429
7969 1039
1062 9919
315 6762
6993 7347
7564 6570
5388 4606
9270 7464
478 5288
2171 8979
5881 8367
3763 3071
9072 6327
2412 1426
2554 5623
1714 2796
9270 7132
6115 4184
100 6068
5922 9142
8190 8474
8377 2322
2367 2389
9020 8492
4160 2701
6175 5901
7165 5
7796 5436
9855 1682
3814 6861
8980 9086
1207 5642
8476 1530
6842 7590
2492 4128
1584 2600
7932 8701
9450 3389
11 782
3283 1095
6315 1017
4770 8698
8724 8163
5271 9245
5010 9455
4706 5428
954 4105
1187 9559
1591 3457
252 2457
2783 2158
7592 7007
7886 5598
9420 285
6000 6643
6456 209
5939 6992
5329 6685
7759 9291
3633 3406
6570 9435
9606 3068
7559 6100
8353 8516
5701 293
7219 2217
8906 739
5348 8880
5701 986
1109 354
5392 8553
5813 6733
5100 5882
1099 4280
3856 6867
2189 796
6980 1782
122 4516
2217 2046
4367 4409
1884 7264
455 7728
2529 6768
3809 6815
8261 5291
4546 801
4441 5583
397 1070
1970 339
4847 9114
5637 9792
6394 5099
2148 1993
3133 8341
8211 4417
8511 8001
2080 2996
4760 6692
978 2870
7225 1041
358 6207
7071 5403
4920 4607
6502 2396
262 8362
8899 751
8413 9017
8988 1511
6783 8828
1611 2134
9597 4615
1705 2297
9399 6855
6673 8725
8068 8002
3196 4374
7465 1935
547 1757
4783 4807
6338 5610
2975 1449
2933 7362
9338 2744
1494 2485
1122 5805
4786 2102
2902 9987
7000 9207
5582 820
3798 8364
7811 1382
5338 2280
579 7531
401 3469
4450 8889
1499 4618
231 3247
7486 6338
260 8387
669 123
2700 4197
518 5684
8675 3095
6280 1273
7364 9236
108 7151
6683 5869
6954 9339
7403 6620
9501 2211
4869 4862
5677 1901
2800 8328
5103 3312
9135 5819
6169 8390
8189 4771
2588 1454
2000 176
2482 6591
2815 7695
2140 3969
3289 5020
9744 4254
5355 4495
6216 5717
2705 7086
1337 3133
9873 5850
4298 8160
8647 6550
5120 3013
953 7419
950 8639
1874 8605
806 7170
477 7886
6293 1310
9641 7350
3405 7641
5367 3839
7607 2856
2170 7724
9740 5328
2714 9793
1560 5483
1392 686
6979 1891
285 9938
9261 4444
6926 7810
5728 9389
3148 7727
1974 6398
8366 8610
7110 4956
8203 2967
6148 2323
4552 8180
6775 7838
3747 8930
4606 6796
232 8272
6595 5336
140 4977
6768 8272
9552 531
6364 7910
5751 8028
2829 5919
6166 8979
3803 2364
791 5431
6724 3909
5816 4994
8463 1292
7603 2237
3121 6823
8353 4664
8090 7733
9879 7019
98 1207
896 6088
5990 4881
987 5553
7094 9204
7632 9668
8996 2145
6861 3911
3988 3982
9100 9743
537 9422
7624 1701
7192 9851
1294 7642
6441 4280
8700 8563
7623 1272
4769 4111
9221 7698
9034 4591
1105 3304
6001 5848
7709 8514
126 4422
399 8421
2164 2550
6098 2028
6739 3933
2440 3010
2258 2309
5456 9942
9993 3767
8905 4676
2387 5418
3769 6920
790 9043
2769 7956
8356 4370
3996 5901
541 4468
7794 23
7534 8956
524 2029
2077 6066
7508 8834
339 7578
7657 7717
9780 2665
9615 8403
6325 6969
2661 8850
1110 1663
4637 3187
2222 1066
2355 6850
2875 6818
6571 1237
5325 4832
2283 4312
1267 9736
3808 5713
5120 7771
2181 4731
6007 1768
6395 9166
9994 4168
8326 5581
1120 2411
2081 1402
7233 4648
4074 8046
7589 7302
5267 8044
5249 4272
8810 2229
4577 5878
5550 7086
5290 3183
4773 5244
9370 3959
2233 5464
8657 8411
1372 6162
5386 3672
114 5696
9902 6311
8502 5466
8727 9350
3773 3214
9149 570
1050 7870
3845 5886
8910 8698
8895 184
4564 5164
494 8592
7426 2290
6615 1889
1498 5115
8459 4718
4965 1533
7740 5054
4075 7251
6073 7741
2273 972
6020 8852
3612 2072
3262 3096
1230 3256
8471 2211
6071 8189
5036 9372
4369 9243
5092 3009
7313 2596
6472 6256
817 9544
4241 4118
5838 5448
266 1449
8753 9784
6225 5055
3182 2724
9307 1912
8351 3250
5744 687
7024 8791
8025 8754
2932 7573
6907 8161
7369 6670
4948 4685
8900 4578
4815 2817
5170 1686
6445 4566
5465 477
7059 3943
9763 5329
9988 4233
6568 626
128 5847
8781 2654
8605 1945
4619 2786
7814 8967
497 3087
3311 9209
441 7596
8658 9515
9394 2997
5025 8099
9722 6274
3373 1628
4861 9983
2464 8822
2998 6237
4816 2548
9231 9007
1668 3693
7982 6424
6769 8750
2418 6733
2876 5457
9543 3533
344 3338
9916 4427
188 7604
7746 7298
1725 8315
2532 9331
8343 9198
3419 5468
1008 9009
1570 8625
8183 1252
138 6901
6199 7625
3609 794
7638 6757
628 8188
5029 6930
1053 7206
3515 5968
8596 8230
6679 5950
159 8627
713 5739
1992 7398
7098 3297
5915 588
6874 2301
4644 9715
5968 9391
3850 8269
9367 3323
6074 8873
480 4483
10000 9124
7525 3669
1972 2047
252 457
352 2227
3651 3786
6439 6377
5063 6471
542 7083
1287 9121
520 1603
7588 6092
1905 9027
5957 9445
3983 5945
6477 8891
3704 5411
821 2510
2303 4981
2879 8910
2618 8970
6941 7066
5211 6243
1135 6594
7431 8744
7320 2948
2927 742
5842 4856
4776 6728
7443 1232
7713 664
1069 2405
7451 9644
9029 9552
3595 3788
4451 9841
288 6770
3350 166
1236 909
113 3190
8586 9509
5156 6836
4706 546
3965 3809
3576 6883
9145 3512
2143 6061
5002 4501
3403 931
7783 2844
4122 2658
4008 181
8411 1422
3037 126
1867 1266
9151 300
8645 9380
5223 1564
8296 6617
7479 5614
6916 727
4915 7824
8743 6671
969 4388
8115 8080
779 2967
8697 8351
7144 3311
9811 84
6273 2855
3552 9722
1635 5997
9379 3276
7917 4046
8182 3512
5265 5359
6533 1835
4653 1595
9840 3464
8367 9899
2920 336
7482 908
6770 5865
5824 2678
3742 9184
3606 9633
8582 6089
3859 858
7806 5417
1345 7265
3421 8028
7808 6848
7153 8422
811 1818
3154 7125
6936 1741
3250 7289
5484 1283
6054 3386
5668 6705
1576 1649
3373 745
1368 8611
2220 723
4230 8968
664 8780
71 4872
6847 2580
5082 4508
3732 6925
4704 7276
4673 4489
8875 5004
3931 3839
5247 3219
8483 2971
8125 8577
7000 9825
1191 8767
7625 174
153 6733
3570 7778
9624 877
9984 9152
3214 5441
3393 9687
1437 7238
821 6759
2856 263
8674 3027
8417 7838
6958 1060
1031 5710
1553 6599
4572 7543
4345 2545
1266 2238
4775 6579
2123 1024
7279 7386
4418 1732
2322 4018
5422 1242
1235 6668
3419 5663
9244 3369
5241 6577
7645 5361
9745 4327
3706 4003
3992 8601
3080 8329
4459 8622
4217 7056
2525 2251
765 7991
3932 9746
6510 4291
388 798
2332 3537
3964 6647
6429 9169
8487 3105
4716 7740
8111 4987
2905 7100
1428 9148
4680 830
5422 294
5985 369
6727 6226
6321 6766
5477 9745
3315 9531
897 521
9878 3844
3346 7550
2683 7277
1007 2134
1128 263
7181 2535
3880 7238
1816 975
7303 7076
8625 7391
4668 4566
1047 4938
3580 7746
4112 9041
4075 1453
6063 4824
7086 2299
4297 4893
7817 4502
7021 9497
249 6370
5239 4919
6511 5768
4130 4587
8480 5751
9540 1255
5129 8227
1291 214
7441 7882
4010 4196
8995 841
8713 6787
7631 1041
3228 5126
9297 6521
8660 5848
4778 5973
1170 3097
7972 845
5113 8480
938 3070
9296 1381
8830 2647
8689 9548
5465 7483
4274 9292
6861 2617
5623 9020
6191 5165
3909 4812
3767 9700
6811 287
4643 7422
1421 3203
2429 2508
9889 165
9063 5301
4103 3378
1170 5069
7595 7935
3976 6649
8924 6109
6373 7752
9911 2983
7252 8407
8985 6019
4517 9017
81 2768
5195 7985
642 342
7114 3672
6659 4338
3894 401
4277 2592
6065 8804
7168 3657
90 5234
2461 7550
3930 458
9839 5070
8700 4239
9274 5553
2276 8881
6621 2715
711 3613
8389 2744
7399 2648
3244 4824
8597 1085
284 7630
1736 1239
1392 6616
4412 7640
7331 9455
4327 6332
8316 6720
1923 3155
9847 6014
8323 858
666 9786
8365 6873
3949 1731
6972 5102
8914 1345
5280 9542
18 4720
8487 7337
2076 4649
570 2292
7177 9862
2749 4961
420 4458
6720 5891
1725 1888
1942 733
3430 4322
7146 5109
7585 7239
4030 4197
5000 2468
6511 1897
4251 5083
4714 3714
1389 5519
736 4569
3560 7844
3999 681
6166 6981
7673 7023
4206 4780
3657 5765
950 1373
1963 2347
3585 3635
4170 2499
1042 2326
3811 5392
8267 2584
3559 5842
2744 113
5205 5532
7787 4368
8623 1102
815 7539
3270 5556
5782 2579
1026 6420
5548 9085
6712 9848
6236 5178
7145 7109
8976 7926
8784 2931
2263 9157
7453 1161
2877 6645
9853 6105
7252 5472
4724 8538
786 1407
2035 9796
47 1253
9462 5438
9446 963
1671 3839
6556 7624
7265 1691
422 8955
6097 4232
546 1672
8918 295
2601 6868
7193 6995
712 5606
7513 4154
8737 8033
1721 6684
7659 661
6527 5294
7233 74
5355 6530
6371 3248
4714 1116
2903 4981
6286 7973
4356 4581
9493 8017
9615 4798
6247 2033
9126 7239
1616 4201
3961 770
5473 396
4600 7105
6178 253
9366 2642
9918 2242
4336 6902
9708 3613
5087 8058
8897 9828
5616 6978
6679 9003
9875 1553
5641 8536
8819 3932
5162 2146
6710 2421
9412 8729
3509 9629
6839 865
6404 2685
2126 7797
7418 460
4839 6559
1376 3110
4365 4893
1374 8762
6543 9397
5403 8773
3851 6274
5482 2718
2148 7843
5931 9680
8727 2079
8851 3129
4614 8984
2411 3826
8067 6109
5694 8007
6791 3501
2254 2268
2594 6004
3501 6876
4653 8070
4551 9550
4558 5453
9118 8828
7961 6055
9849 5916
3166 841
9996 286
2084 4963
251 7787
7761 5947
5104 8244
5598 9135
5451 4576
8866 235
7524 8488
7293 1195
2347 3658
2098 8219
3922 7233
6135 148
7580 7101
3673 4706
6890 8028
4567 2156
8860 1397
1212 6810
1099 7893
8166 8558
4832 1032
780 3040
2323 1493
9268 987
8259 3330
7681 3759
6323 1199
4915 6128
7660 2442
7017 599
8368 4268
6731 3160
8203 7346
7990 2895
8547 536
8299 2060
9426 8722
6726 511
3986 8738
4981 22
4015 5928
6719 828
5050 88
5728 4028
3141 9166
663 687
1581 3046
6980 589
8969 7741
90 132
4274 5307
604 9212
7139 5467
6306 1026
2735 4822
5086 6745
8097 9453
5021 6870
9265 8531
5585 1235
1370 5782
7078 2306
6148 8712
6904 9563
2755 8888
2889 6334
3373 8245
8764 8789
1294 6915
3192 6423
1071 1455
2118 3024
8946 8250
8811 9125
1305 9372
7364 8363
1910 1260
7249 2038
2863 9641
5763 8216
4947 6395
6410 9876
546 8444
7527 64
6794 7560
5652 8135
5497 7450
3738 5637
464 9415
942 2554
751 5819
8894 4264
8556 9834
4393 2751
1283 6780
8275 786
2571 6683
7724 8145
8282 1087
1691 5019
5616 4674
3402 7846
9930 9400
393 6446
5029 5943
5953 2806
7198 8423
568 9277
8562 3010
8149 2210
7695 9159
224 853
8743 9289
4718 8363
7115 5677
2025 7431
1317 6123
1023 6469
6053 8077
280 5198
7110 9472
1397 5576
7322 8993
3382 3039
6850 7350
126 9767
3436 3043
4450 6658
7379 1693
6801 6839
7066 17
3130 1921
1688 9179
123 1269
4926 2264
857 9865
8903 5359
3372 4587
3347 2999
1596 898
544 7656
3905 5849
3889 4856
9748 2429
7304 9149
3288 8472
7977 7844
3778 2232
7262 142
9229 1595
4115 8186
9066 7956
2764 2514
7146 883
891 3890
7524 697
7759 2585
1509 3297
9352 2057
6825 1811
4787 6983
6385 9099
5730 3384
4075 7210
3207 8416
9793 9850
5566 176
9150 8803
7557 7771
5397 9791
2860 428
2727 7609
1948 589
4102 1911
3695 577
9050 2785
649 2472
2208 2704
524 7412
7938 5539
1377 9044
3814 8040
4718 3329
4097 1601
788 4059
8037 6974
400 5773
117 688
5526 8908
6035 8394
6144 5181
8054 956
8920 337
7498 8130
3306 3223
8949 1457
8930 1759
599 8169
8387 9353
7982 15
7290 2819
5387 458
3442 7329
7467 6280
9220 9635
5658 1610
4448 5097
6411 2306
5397 1091
6934 3254
8620 2367
6254 5088
6594 83
8147 2818
5982 3911
7012 7131
225 3485
3413 1949
8150 9033
5088 5195
2390 2467
1662 457
9584 8339
7998 4005
9377 2514
3629 8914
4258 7508
4857 1996
3434 5983
6106 1087
7470 5905
8173 7879
3871 3200
7382 9465
4089 8162
6520 2936
8994 9172
3747 1335
6993 7666
9888 5175
9330 6754
8139 1510
7461 7458
3028 3762
5927 8155
9822 6175
1490 7198
6087 4422
3564 237
2664 9039
3035 9008
8857 9244
2518 5759
8398 8019
2022 1869
8282 3058
9321 8003
704 4831
6862 808
5042 1156
5591 1245
291 2194
5752 9779
7043 3303
6311 4351
4992 179
3819 3297
5991 1631
5032 39
5138 4822
1550 9971
1204 2811
2516 9663
3984 9006
5387 1554
4574 2990
6434 2390
3870 4944
1887 7710
9268 8087
8372 7141
6539 3042
173 3130
7191 9530
3767 5653
8069 6693
6671 8215
8756 1233
1090 9313
4573 2231
6090 4982
9576 6656
9273 2387
3664 9990
7618 541
965 7164
5558 8875
3681 436
6004 2625
3181 9885
799 1543
188 620
8566 7890
4558 2533
6915 9170
6122 495
9717 6406
202 3478
8321 6519
9560 7595
5109 4738
6435 9302
8949 5437
982 3489
5220 7418
6003 6813
324 4402
9197 8743
3394 8705
5417 9005
1382 5065
354 5452
1225 4515
3152 1241
3669 6729
3864 3471
4923 4373
6010 8012
3003 2864
5788 4216
8458 7704
9784 1307
3194 6170
9738 2235
7990 6448
2444 7035
2077 6035
2016 3749
4121 468
1270 3350
3899 2563
707 7866
7673 6754
5709 1590
758 8410
5974 1481
9476 1446
3917 7094
8497 529
534 9939
6419 3393
9040 5985
2892 432
954 1170
5250 6657
7741 3297
6640 4877
8314 8814
4944 5835
7215 2824
5772 5288
6483 3719
5712 8385
2880 7074
1115 8466
5592 366
7483 1805
116 4373
6044 2173
5415 8976
3807 9514
2656 9413
7066 9615
5758 6755
1173 7583
8312 139
2825 6154
9170 1153
3869 3976
61 5307
8669 7460
8548 6834
8285 1350
1888 1599
468 1965
8099 6447
3964 142
2425 8255
9115 4090
1882 2333
5478 328
1508 475
8214 1436
3896 4927
5062 3071
7743 4308
8 6084
7089 126
9754 324
1245 7917
7729 452
4664 129
2974 2261
4160 7431
4182 6066
739 3887
8672 2449
686 7804
919 3852
4778 5561
36 9258
1206 5339
1797 9798
6854 1664
2057 555
6344 5449
8728 2488
9870 6879
9390 1414
8148 3284
9795 4348
2664 5983
5439 5021
9117 1824
4954 4286
4985 5501
8489 8925
803 6830
506 1844
4826 4540
4474 1003
8362 4731
1519 1813
572 3842
8656 9432
1751 9343
7874 5792
1668 9081
6243 2764
6519 9312
6420 4680
6592 1871
6688 6873
2103 4272
1089 6298
8186 2665
1427 792
9880 9211
2985 4588
2164 4197
5883 6560
1725 8486
7642 5569
1247 8751
5428 9544
864 6264
6656 6070
1604 128
6636 2737
6974 3734
4449 4448
8592 2721
5509 5375
8704 9895
9634 5804
7871 8245
2873 9599
2013 2639
9457 6387
5887 5648
4468 1905
7579 5902
1419 2071
9419 9595
3637 3074
468 4416
5194 929
6781 3702
5145 7985
2906 6391
354 4736
9661 5616
6721 5154
8440 8856
3689 5533
1484 9517
6058 6138
4314 2021
8887 5709
8874 1357
9639 1003
1495 2223
531 6724
6374 4996
9708 7294
4412 2403
2370 5732
9960 2794
1360 3574
9047 4684
6224 200
2009 6859
7697 9627
7122 292
1374 6714
9532 3931
6877 3460
79 1463
6480 3906
7273 8905
9795 2504
8045 8914
493 622
5962 8976
6894 875
7700 4883
6152 1426
6023 6632
4769 8500
5303 1195
3344 9756
2382 7679
8478 8104
5258 6503
6781 7518
9143 3545
4809 8609
2268 8526
518 4133
6308 346
7084 2135
1144 7427
7669 5025
7069 9902
1804 6697
4680 7509
3484 3066
7124 569
2131 7908
1182 1767
406 1215
5116 3879
1151 4249
2164 6624
577 6481
2574 2101
3914 5558
7640 1697
7385 9377
924 843
9604 6436
931 6737
3408 7578
2162 7268
6102 2601
8985 259
3707 9204
845 1473
6160 7245
1497 3592
572 170
8224 1245
599 9869
8496 4594
7737 2850
2583 5716
1655 6009
6032 6132
392 2100
2543 1994
2483 8717
7301 1292
2774 5666
1501 8147
7890 992
7397 9418
6138 148
964 5147
499 3047
582 511
743 4181
1554 2821
7970 8704
3238 8097
5722 8304
8732 8534
635 1890
4841 9105
3917 7168
8499 5446
5597 2375
7013 3612
1531 8229
3496 6205
5950 4120
5225 8296
3300 4810
3892 7311
3496 9444
9807 6159
1143 482
2041 4570
4062 4020
8484 455
705 6878
4068 7761
3427 1368
7495 7912
5380 4009
3338 6365
5409 5374
1579 814
1582 7620
3719 6477
106 4832
1537 2447
2488 1806
3069 5128
6900 5372
3187 9668
7189 8293
7628 6020
9989 1325
8355 1064
6656 5750
3583 1692
3036 1065
7549 8623
4579 5511
1233 5285
7787 1185
8584 9453
9300 8702
6289 206
7731 7367
6998 9789
7160 4225
9638 5079
8862 3292
4473 6480
730 697
9804 9853
5260 6535
4114 4063
6676 7001
337 2883
2712 7949
8253 5378
6486 1673
9491 7422
420 8505
4739 883
9963 4490
7957 208
9762 9582
9061 8024
131 726
5299 6409
2097 9161
742 2002
3596 1879
7764 1169
2026 6585
2514 355
315 8824
2621 2562
1958 4621
5888 406
4823 8629
2148 1423
3761 3056
5224 7582
2318 5984
9705 7781
7573 8142
889 9270
8995 5205
2487 3517
9299 2486
4955 4838
328 5593
4661 7909
2049 5039
7958 8152
7037 5393
1922 1855
6056 2035
9975 128
6941 8048
4865 8908
9753 2619
3559 3742
3021 5274
88 9341
7341 8657
6722 885
5499 9970
6519 7724
2447 4550
3166 7636
7305 6232
7083 3600
6151 847
4675 506
9594 5831
4977 6963
3072 8718
4364 6433
4607 1739
2301 7294
7558 4783
7068 1804
9831 8063
241 8664
9411 4975
1832 1623
5867 5209
8673 6615
4377 2335
4872 5138
2426 2133
2611 6078
3232 308
4729 4622
217 4449
1176 3861
4686 8827
9712 9017
137 4189
5593 6523
3535 2954
5754 6388
7383 37
7197 6467
8796 2032
4815 5719
4110 7525
1164 1041
2022 5726
7188 5495
6890 8988
5761 498
7167 7490
6081 8498
8677 843
1033 727
4191 3588
9654 8262
2165 4881
3098 9344
1901 6472
5107 2765
7732 7189
4559 6128
9614 3034
8035 8849
1677 5328
178 1298
5228 909
1 9837
7684 707
2728 3527
1986 9997
7697 8018
1059 7739
7744 5976
4785 5564
3446 6091
7399 5754
3607 3960
440 6059
8534 841
7302 137
5072 7084
6955 9556
1705 5562
1903 8532
9699 6142
4781 7319
3123 9501
2552 1243
2671 924
6444 5380
6718 7113
1443 9655
97 8745
1312 1793
6014 8098
794 9201
3826 7724
2281 1206
3710 1902
5249 8051
5109 2068
8779 6040
8533 4131
1956 3803
6031 3733
3761 5037
4289 1223
8747 842
5474 1138
919 4957
8064 3851
7377 580
9832 5216
4421 2736
4916 9721
1336 1184
1675 2413
7429 4079
8719 5372
1308 2422
3802 6777
5988 9844
1908 4811
9223 3785
1382 9590
2622 8477
2883 1513
8554 9105
1158 5359
3765 9353
8699 8182
6354 6624
5266 4605
3888 4456
9751 456
6633 3370
9470 3534
1644 8512
1335 3248
7096 2435
9623 3920
8368 7220
3024 7025
4074 5084
532 7740
7327 3995
9401 2860
4861 1759
3648 424
6808 987
792 3606
9641 3269
5647 8482
752 7315
6040 5532
2470 944
2012 9711
7962 9652
6594 5253
211 1164
8108 1045
3508 9444
2013 1515
4475 3149
4209 5666
2931 1552
3036 9262
7257 3368
2247 5777
2763 1685
1533 2401
9791 8487
4985 8034
3024 6733
3560 2103
6066 4493
7154 347
5547 4272
4379 4275
4805 4966
6975 948
8236 4007
6990 2290
6527 1412
603 2002
5559 3251
4582 9101
2842 3718
5951 8569
7907 5314
1883 4643
9578 119
1955 3680
2761 190
1728 6394
3801 9520
6161 4205
7419 9444
3482 1777
8722 6402
8734 3178
9511 6653
960 552
7412 154
376 6356
2009 7149
3281 4649
9311 7828
5666 2251
1111 4758
9281 1039
4742 5635
4452 4004
20 8286
6267 8286
7120 6308
2440 7425
2399 1869
3756 1860
898 6739
6846 1723
6548 7399
5828 2809
1564 9137
6351 6224
8302 6846
4775 1391
1351 2973
3311 177
3657 564
5883 5142
1495 2627
4351 9309
9815 1952
3794 394
5410 9913
3222 7749
4877 3193
4556 7848
885 6455
7793 5384
569 7665
8921 3683
9827 7943
3789 1083
6513 5309
243 9867
3625 684
2817 2471
5752 4931
4932 5106
3605 1094
8721 8090
3371 5115
4076 5576
6224 2701
4149 4763
8139 3549
9747 7836
4567 7466
6548 8000
5161 735
162 540
5428 6005
9691 4078
4714 7404
7700 438
1711 2668
9928 6547
8681 389
3402 5741
4658 8703
9924 3991
4215 1708
9846 5984
1900 8320
3065 5864
1591 2542
9046 2878
3154 4356
6644 5695
6426 7389
8110 551
4851 5429
7923 6052
2534 366
1923 7290
8334 2597
8095 1475
3265 9165
4084 6041
4338 969
8129 2904
26 8535
1077 7754
682 5702
3194 7445
1491 2559
3504 9730
5208 4890
1893 3140
9377 7231
8209 5520
9819 1945
3411 8099
3452 7240
6517 7838
9049 8140
4578 9365
2186 3196
2946 7298
9192 8408
5912 5603
9253 4107
5070 2605
3832 9544
4030 3816
6297 2394
4724 6879
7536 679
2118 6439
6433 8969
6730 3962
2749 6985
9709 7426
8535 4959
9718 4397
6663 820
2371 5768
6766 7947
1849 3827
1240 7689
7978 1056
1915 1
4897 943
3539 9866
9310 6292
4033 8423
611 2980
5333 5341
3681 8416
7717 5914
9904 4494
7386 8346
3801 5969
5391 6991
3905 9864
7330 7680
5236 6938
4817 3789
4623 1345
4018 8098
504 7390
9092 6625
5164 9525
9560 1939
8823 6926
5934 7703
8790 7852
6479 9731
8246 2435
8274 1476
3672 9308
2760 2332
871 6408
6770 9042
6354 8800
5566 9901
1710 2601
5463 352
6132 2114
931 6637
9546 3566
7478 4185
1736 7726
3164 3284
375 7834
3187 9519
730 1410
4899 7857
2419 9594
9594 3593
5487 8812
203 4299
1203 4701
7739 6763
5795 451
7141 104
1698 316
6371 8170
9957 3109
1921 3210
2268 5161
6250 2907
9474 3604
9981 9504
3528 9210
7669 8506
6108 1319
2836 3193
2816 215
4965 9584
1955 7925
4436 6694
2506 9291
8724 5576
6650 527
1144 790
7577 4684
8184 3547
1367 9078
5976 9825
1098 9283
7993 775
7449 3747
9303 9462
2699 2996
890 4621
3054 7896
7159 2749
5844 3252
8764 7326
6133 6394
4452 8924
6548 79
3519 9353
8902 8268
9860 9051
8902 7413
4265 244
8490 9098
8625 8228
8786 7097
8248 605
9142 3465
921 1214
2175 318
6260 6468
906 5497
5749 793
935 9589
1964 6790
2361 948
2570 3293
6195 5646
8258 7622
4279 242
2143 6622
7530 906
6492 2939
7806 9911
5188 4031
5236 1109
4635 7541
3494 289
3996 4917
7888 7752
379 8571
4282 9136
1810 2300
8729 3941
6445 2152
9232 5427
7880 8037
7784 4015
842 2544
1767 3851
7146 941
8578 850
2669 3185
5052 8032
9929 5311
8163 1159
546 2503
8014 4213
1910 6223
9000 8392
9886 3898
4542 9861
5570 8460
5500 5618
2574 5269
22 1355
4816 7096
6145 7929
8964 6536
4375 8436
9866 3347
1878 6918
4802 4031
7919 2987
217 3905
9148 4248
4690 5378
3494 440
6184 1758
87 6399
4541 7095
1410 7343
8236 2533
2489 6877
1602 8041
472 569
9333 2543
246 6787
8299 4553
44 310
3981 5533
9565 8168
8785 1658
1608 1233
2376 1449
4221 6668
7689 3922
6583 452
7677 1376
5927 1241
4039 4184
8288 6674
2095 4340
9425 1469
5759 4283
4508 6725
1641 7135
1114 6545
1462 9554
1231 7836
5890 2069
8110 8413
1808 6052
3996 660
8982 3450
9811 9084
6880 9492
787 7886
7915 5772
4840 6361
8524 3332
1813 4248
8121 2751
8411 7876
3778 3530
4170 4152
8947 2129
2733 1487
9334 7796
2518 2770
5766 3616
4762 8783
9429 369
1549 7412
2303 5351
4137 5289
2553 985
6758 6283
4248 2603
9601 1071
2236 7803
2884 839
9248 7109
5870 6350
3268 2079
396 7829
5519 665
334 266
5848 7275
9707 8748
9168 825
1232 9021
9410 9482
4557 2575
854 8568
9834 9853
1215 4750
9750 3981
1019 2317
4575 5037
4157 9887
9731 2459
8313 2042
7886 724
9331 4885
5201 9416
8882 158
4727 5200
8158 7522
4389 9325
7563 8378
3468 2999
6502 8680
8332 4721
7546 793
1370 4290
7618 5473
8687 2449
3747 3677
2670 7601
1292 5722
3089 1419
8161 7498
8775 5126
343 8665
5351 473
8291 5319
8392 4538
9441 4268
8264 8313
3757 6734
2047 4810
3063 2982
4599 4269
4396 9266
3894 9886
1765 8484
481 2008
4527 15
2055 348
2402 5625
3707 6412
5723 8505
8955 4398
6422 6298
6376 2628
4879 961
306 8756
8754 2245
2420 6280
2652 5368
6164 1911
3041 4545
8290 9691
6420 1114
4942 7845
4722 7794
350 1444
2146 2195
9015 3437
2407 4081
7050 5536
1682 4087
5350 3766
3229 1156
6319 6183
7950 7059
8329 2569
680 587
8354 1051
6529 5040
2053 3550
8595 3395
7196 7564
163 1097
289 6910
7583 1484
9136 462
9617 4720
3211 5735
8794 5191
4226 2908
4935 1652
3361 1617
1260 7862
9375 8770
7346 2761
4816 9602
5566 3637
5426 9203
1831 6116
3077 4828
5526 1612
9820 6130
3506 2895
4748 6695
8532 4587
6977 8334
3124 3034
7697 3816
6030 7101
4128 3064
1245 8954
8571 19
6869 7786
7780 7686
3540 7622
8436 7713
758 894
1682 4594
3085 416
9019 4407
5729 5694
9907 1485
7778 2546
6380 8264
1477 5500
5599 325
5443 8983
4691 7954
8379 7954
4092 765
8856 1925
8992 2675
6372 8617
9988 9729
9434 2065
918 9535
5535 8300
1294 4261
135 944
1026 3346
5542 462
4443 5496
3077 841
3588 7494
1929 599
4538 7078
8677 9201
8937 8270
9872 371
2082 7939
4679 8225
4131 1042
8257 1419
1514 2491
3737 2036
9950 1163
845 9259
8970 3961
9239 1869
9677 4086
3874 5747
2937 7050
1177 5001
8846 574
9275 3818
2814 7521
6510 5959
9205 5332
114 6876
2357 2209
4214 2787
7207 8319
277 1357
8394 2643
6644 5192
3776 8556
5850 7636
9082 5863
5457 8888
2082 5471
4179 2870
4034 8426
3298 9005
4182 5899
1095 8810
2762 2551
1988 4873
4770 6882
6129 6722
8054 9378
2251 315
4045 2317
9753 6334
9525 2349
6539 5754
6846 6627
4279 5314
966 7832
2042 3986
9316 4413
8890 3280
6336 2657
209 6267
6575 2449
2572 7722
51 7200
7601 3747
9023 5744
3938 4843
6252 222
5047 1614
5402 2420
7515 5466
5158 4585
1355 1028
4660 3013
1270 5774
2902 6547
6903 9355
6766 1886
6337 3361
9514 4324
4897 5915
5358 4786
6759 6477
6472 8082
6535 3510
7643 2935
9106 6628
4967 8768
5447 8219
8535 2813
9962 2857
3143 4981
8563 3163
9230 2538
151 5034
1658 4982
6511 8541
2643 476
9977 1933
308 3283
3634 801
9638 4321
8061 1243
4554 9124
6375 5927
6452 3855
9885 3014
6957 3758
309 8581
5461 6563
7500 8715
4997 2609
3999 3357
7661 2193
6424 1144
6701 74
9450 1544
1385 1154
7097 7911
1452 339
3294 6754
2440 1233
6317 4966
6347 4662
5859 9248
329 4000
9936 7690
3437 8487
287 9384
6734 9696
3850 7824
8073 3298
5981 4582
3768 5235
7887 8249
5963 7843
8957 5398
502 245
8550 8408
6655 4622
3743 7294
7951 1868
7751 9233
1407 1839
3691 7482
9037 2746
8744 640
9239 6922
432 6974
371 8157
1076 7371
9049 301
7151 6110
8136 7633
7259 3505
9095 7620
2783 685
3453 1797
1573 7580
8236 4682
7907 6640
133 941
5822 7999
2143 2805
7821 9077
7715 3147
3629 8513
1272 216
3272 4209
7797 7538
4660 1451
9909 7951
9708 1597
3054 2086
2872 2477
6190 9895
7423 2519
8883 2072
109 1100
5380 9350
7924 8527
7580 9241
1144 6462
1583 1289
8991 7764
6464 5661
7785 927
9041 3470
1908 4877
7784 1388
9280 5382
4377 2019
2802 9365
308 7288
9458 1258
9409 6209
2360 8487
6143 1974
8353 5623
1783 538
3565 3927
5295 9985
6502 5440
8266 5684
781 7375
187 7717
8781 4837
4618 1490
2839 9800
4069 9240
571 3044
8607 5317
8803 2003
1394 2437
4798 1705
8560 3394
9374 3645
3163 8246
2857 9722
5805 2133
1262 6461
5580 9677
6110 4482
7739 2204
402 7959
2680 3884
7335 7464
290 6829
4728 7981
498 4846
9079 9754
4623 9063
1583 2502
4918 3473
5374 750
8085 6730
5781 1974
7060 5031
3588 5744
7998 6822
2753 9845
2716 4734
4032 3653
6572 9159
5786 6384
6739 3427
7337 3217
738 5146
1902 3912
4436 2188
4353 2440
6930 4419
5731 9735
6170 6920
1943 2826
8384 7719
6217 1527
447 1079
4460 233
7404 2192
1219 1004
7716 5331
9589 4115
4746 8021
6349 7170
9226 1657
4307 4680
7045 4541
2928 2470
2232 5424
5595 2638
9516 4240
8366 499
4821 4686
4143 2043
327 9465
8549 2673
8858 9452
2310 5507
115 2748
5175 9585
659 5156
2702 311
1191 989
4357 6150
4507 9049
8636 8323
6104 2722
9079 1841
8445 1937
6535 7585
5400 6755
4750 8030
4176 4781
7014 4540
331 9741
8360 9219
6633 1182
6921 7884
8314 234
1236 1196
6547 835
4833 9385
9751 9877
8475 1602
2602 4325
2218 4238
8699 3896
132 9140
8813 3323
8725 895
4916 5866
9355 6128
5693 9439
7830 9847
9248 3092
6320 5584
2962 2452
6441 2334
4490 4153
2224 3185
6783 5868
4484 7687
61 9490
5803 289
973 262
8031 545
4026 6911
5358 9931
5694 2501
8996 3655
1848 3629
1034 1224
2185 7600
1265 1408
7945 3062
1703 6847
8628 4727
2794 4751
8739 655
6946 6769
2325 1188
644 6603
7010 4312
939 5296
9150 1026
2094 1695
6731 1223
5707 3499
1389 3236
8723 2725
6246 1630
8707 5805
8866 8204
5755 5564
7873 7433
2574 7741
4369 8688
4081 1255
7182 8418
2468 2163
4745 1197
5239 3327
9330 4044
4277 3471
3221 214
1860 4736
2406 4447
9009 1658
379 3136
2698 1118
5490 1492
9037 3748
3665 849
7501 5937
8668 1353
226 496
4767 3625
1804 2616
1483 4393
365 1713
1597 2236
1797 2619
8127 6870
4265 4281
6276 1467
1429 5375
8670 5477
5654 4036
2188 2201
7886 8418
9810 4166
7621 4092
6158 3688
891 8140
754 9319
1528 4932
7458 6857
9092 6468
4336 6586
1582 3896
1559 2445
5370 4462
5593 2382
9647 2229
2515 9671
7507 1191
2905 1150
3385 2079
5188 7002
1587 2982
9897 771
7574 5408
3645 7859
8717 8131
7372 1477
3858 1637
4025 1214
316 2687
1973 9509
6049 6800
4430 9326
1960 1129
4271 5400
8454 2754
1532 5076
9595 4056
927 9536
390 8485
1657 9045
2293 2170
9935 7570
6764 7142
6181 2059
1659 3765
153 7330
8586 7470
9668 270
6370 7013
6052 4982
8521 8418
1813 3543
9768 6203
9758 4487
5570 218
1641 1911
3314 4084
2249 503
9036 2789
4463 3023
7855 3142
1705 6355
6101 8903
8278 6245
3591 9169
5856 5789
2672 3224
8835 7667
1938 3339
5568 6728
5240 7673
345 4625
2488 8982
7039 2159
1262 5502
861 3415
257 9844
3399 1479
3169 121
3715 5475
7058 6980
3109 3053
8083 7378
8608 1709
511 9312
9247 4405
4809 2576
1130 8733
8102 7838
3826 4999
7988 382
1650 928
9045 7359
8198 4978
3253 761
7706 5057
8085 3634
5246 2292
5634 1389
304 9900
8939 5471
647 5058
6609 7195
8417 7482
4850 7085
7748 8166
5133 5840
5677 2623
7900 6230
7332 1061
9079 4836
7397 6191
4185 5772
5671 1925
2340 142
3395 3801
6839 2727
1263 1943
7767 6071
3969 5829
3510 4878
6273 1133
6284 8313
4383 1921
6494 3033
7195 2334
3659 7240
1149 7676
6216 102
7252 8637
9611 5
8514 4889
6459 8726
4120 2252
483 4244
1273 2167
3117 1869
9480 7991
4369 7575
6289 1111
7333 328
7714 6511
5965 5902
9849 9318
3599 48
5251 1243
2636 6996
8286 785
3832 6724
7816 7270
86 2335
3195 5962
1586 7499
9284 5774
3686 3916
4832 5729
5384 5114
1999 6031
7730 1038
2942 5391
1642 9646
248 8528
5673 6355
8350 5276
7510 9125
130 979
7261 100
6394 8201
3591 593
2099 4355
7493 217
7385 6786
9251 5753
6310 6258
2010 7574
7314 8777
2671 7779
3228 885
4177 2786
3627 9624
8482 3800
802 5639
3632 9927
2304 4992
3041 4369
5891 4028
7839 7561
1598 4429
9177 5466
5695 2375
4589 4832
7732 6831
6641 3684
3554 1535
7036 9547
6256 6805
3293 4152
8183 5330
8471 2162
6686 6652
5752 4317
9435 6677
8460 34
8177 2712
4701 9913
6519 8651
3225 7186
3876 3297
7703 2758
8528 6690
2378 3342
9853 9724
6015 1780
3932 882
4341 8895
6050 7863
1194 4703
1113 9138
6046 4145
4737 4552
9457 3801
4976 722
4197 1126
2294 4370
7439 8111
7479 9815
2567 1042
1064 3345
2812 6827
4923 5415
2015 3890
2845 6351
1385 5259
1565 8601
5974 1901
4273 4639
3108 6228
6221 2368
479 2522
4595 766
7520 981
5094 9662
5498 6115
4219 8764
5401 4908
2154 9253
4366 6110
5575 5259
3985 435
6852 2230
3583 3221
7107 8756
5492 9027
5990 6677
5945 2106
1995 7390
2471 7427
9694 6327
4937 6500
5774 1058
1847 7734
5486 6978
7279 6681
6304 748
9704 6783
8153 9780
7507 9306
3427 9833
6528 1029
5092 975
98 8585
2974 7607
4831 7397
1144 8413
4485 295
9218 4293
6967 6208
3920 4426
1010 483
8764 3137
9042 5395
7288 6762
1758 8970
346 5191
2689 2148
8084 4539
9921 4145
5711 8462
1528 5061
526 8389
1116 2379
9966 2750
5486 7185
9115 3615
902 7190
3256 4744
7016 2336
356 5424
4883 5354
265 4768
1124 632
2432 1440
8840 8364
2133 3124
4827 9670
5641 9652
4028 1563
3562 5350
8100 5757
1753 7409
8106 5936
3453 3144
6485 7084
6536 4657
1289 443
7506 7598
7326 7983
5465 1179
5772 2311
2322 6566
6815 8976
9300 2568
2784 9360
1947 7001
5115 3859
2012 120
9103 4560
3368 2942
2926 125
996 4565
3566 8688
5565 4200
5499 1727
4650 1040
8629 4699
4416 5933
8630 4469
7396 7710
6434 3211
6802 4352
6421 2234
5557 1934
2221 613
4758 6271
9641 567
4740 9482
1558 2712
6730 8810
3105 6709
2766 1687
7471 4659
2953 7110
5641 8466
350 2703
3967 7060
9384 6543
9029 6701
3924 2900
5152 3913
3264 9487
6402 8944
3530 4931
7270 5975
7565 1006
8883 925
3037 384
7279 8687
6277 4034
9053 8545
4491 8773
2933 4613
5867 4457
9075 9487
9413 8323
4349 7875
9938 5488
1411 1436
5445 4228
2907 4818
9345 636
4722 8271
7285 2
2937 5341
3671 7282
1924 8988
2883 545
7335 1096
5522 4410
8775 4743
1430 5513
2037 1312
1572 4838
2596 9031
3589 5524
6000 2316
5247 898
2066 9339
1997 879
4408 6995
2885 6112
7966 5253
9076 1978
2155 6552
4785 5218
4232 1724
1422 2707
528 3558
4417 5063
6024 3676
2713 5060
6952 7004
9344 1998
6544 4208
2835 7324
8300 1231
2656 8690
772 7928
7149 491
8079 4144
9631 4550
6913 5035
9440 421
2264 9921
533 7593
5375 9441
8155 1835
8678 3796
9381 5067
82 8392
1286 8649
9870 6880
9553 4753
5557 5821
217 1416
2606 8626
7748 9196
5716 4453
8806 4919
7402 7601
37 4828
3940 4649
173 1256
6303 3516
932 71
6374 4694
4377 3055
7748 3192
5296 7005
9097 6532
7150 9406
6651 6087
3863 5347
7701 3066
2327 1443
3816 8016
5765 4040
7461 1648
9008 2301
9445 1423
9044 7244
7917 7557
1344 4795
7504 2822
3907 8471
4497 9235
9149 9577
3995 4298
6123 8734
4040 9824
216 1326
9142 19
3478 7026
2156 9162
2523 6874
4188 6505
4168 8599
2459 9151
6851 9879
8348 5980
485 6406
5006 7705
895 7212
9630 8873
391 219
4886 5947
5233 5155
4105 7802
9285 5277
2347 8722
1345 458
2695 6887
6718 6313
361 8512
5798 729
6119 1951
4233 456
1311 5914
8647 2403
4867 299
8609 4261
3859 5001
513 2010
7361 8092
2209 7544
8638 2568
5686 4233
6566 6085
2096 5893
7380 2361
6717 5072
3009 4393
3573 7767
9524 5774
7475 8885
9246 164
1309 9459
6591 5072
4842 8374
8693 9733
9182 9029
5129 4017
6245 1486
9134 9432
3865 6513
7934 334
8675 2152
6619 8602
9430 8107
7827 7090
3642 877
8840 3303
5349 4740
730 5786
8912 2631
6922 7416
1885 4117
8979 2615
3271 8273
8256 5162
3185 4410
5131 9085
2700 5008
2103 1345
717 1156
6763 5274
3743 132
3281 809
3749 170
189 3658
7725 676
7917 1215
4545 780
2304 6416
4174 1180
8375 9826
4544 7856
8579 8179
6197 8759
8845 1449
4285 9306
964 5786
8905 9395
1762 5355
8614 3065
3998 7117
6769 1227
4906 9037
8326 1476
2528 5900
5302 5037
8458 9879
7924 8311
8662 9812
5251 9032
8185 5994
3002 3349
648 952
4453 280
5887 6926
7478 5181
9365 618
513 359
4489 7845
4295 9521
8500 2564
8937 222
6661 3552
8977 42
3607 1800
281 9498
2438 675
5297 639
4947 1033
7838 3912
9442 9278
3597 2525
6388 5001
7142 944
3451 9259
7740 7358
1576 9424
8966 2375
485 7678
5387 8897
6632 491
9612 1526
9966 7298
2620 6612
8012 9103
3378 3007
7208 2041
4766 2942
9095 1773
1976 1796
1584 8374
2772 1903
1848 7055
7892 9369
7365 378
793 2494
6994 674
5718 1235
2589 2855
5192 6891
768 5981
5383 2248
1644 7693
8610 5554
8553 1044
1188 7850
9714 7817
4052 5249
3162 3785
2203 5939
6560 3889
6660 6798
7238 2509
561 657
3850 5618
8243 720
2252 8902
3305 534
6061 2079
8514 4906
1071 3072
82 9877
4484 597
5713 8209
4776 8992
7366 6401
2732 5606
8316 9630
2505 1977
8567 9061
1395 4651
8342 2918
7548 8886
6468 4471
6159 6283
2166 1583
3133 7422
9495 9352
5995 8433
5605 9581
6667 678
320 3047
9507 1489
3589 7249
3157 378
2108 1456
2338 8572
999 2222
4641 9051
3048 4943
4737 1238
1057 6758
4564 1564
7196 4354
9602 3699
8947 9256
6366 5881
344 9735
5306 5060
2509 9522
4935 6505
614 213
9573 6172
8992 9293
9769 8681
9695 2063
7820 6592
9926 6159
5226 9816
4641 4501
6581 6519
533 6676
348 4148
7397 377
2360 7293
2484 1206
8936 9900
6229 7396
3366 1117
5297 4306
1761 8798
9497 978
7156 7149
9847 8928
7458 2372
1268 2081
8934 6538
4237 1757
5021 7241
5985 4801
5043 1744
3858 2386
8681 2911
3798 7668
5793 5200
9592 7273
1994 7371
34 3634
1950 7295
4400 9503
4035 8181
8118 3808
139 1160
8882 9961
3865 6711
4656 1282
2620 9079
7097 1414
8028 980
3636 5245
4658 8536
3982 4501
8046 1492
1477 5893
7899 6221
7481 7755
6489 8066
3014 4597
2140 3756
5337 3889
5456 5427
4021 7020
3199 2085
7763 4423
7778 5616
9424 7488
7033 8591
3114 4308
5378 5229
8706 5070
193 2009
9565 5225
1569 9153
7818 4791
1979 4860
3380 1092
7551 9949
6498 8283
971 5263
9503 3215
1932 1099
4541 6834
2913 9056
5378 2752
9719 8960
2059 1493
6754 2513
5314 5187
7335 6536
828 4106
4655 5
2835 1118
2293 3632
7975 3411
4097 136
2565 3107
3679 4092
2368 2834
4863 2255
1284 4063
3265 6228
473 5187
4571 7520
9463 7717
662 7236
3024 3651
7873 7925
1804 6468
4444 7141
2642 7979
3591 4433
4507 236
2265 1557
1354 4589
9551 6465
6112 5334
2294 907
499 9955
5681 5900
6463 170
4869 7924
3911 9380
4068 394
8220 928
1297 4519
3797 1634
5023 3206
3787 7655
2609 7777
8032 8452
6024 8860
8610 4305
8855 4709
3352 3975
5337 7984
1468 552
8319 9302
3935 1863
7943 2017
7786 3057
5138 3714
7012 593
1205 1881
9279 7211
369 5147
799 8807
6988 8413
6260 5368
1869 4173
8144 9985
3053 9734
80 9335
4102 7964
3735 3914
2047 8368
3748 1731
4729 3738
8770 7422
4588 8147
6230 9790
5085 6266
3022 5691
126 9573
7178 8218
8015 4008
7431 5487
4401 9710
2752 2247
5247 1527
9283 3909
176 3394
3978 4436
5120 7474
9104 8920
7668 9129
8488 9663
7088 6714
1128 2285
359 2272
3159 412
8167 5986
2725 4947
264 9235
1055 2370
400 2884
4605 4637
8022 2230
2461 8438
5479 2818
7106 707
1526 5515
2869 8934
3010 3711
735 9489
9987 2709
9382 4049
3873 7740
6480 9212
9374 9695
9150 1602
6036 4804
498 337
3574 6341
7017 9064
6062 7556
8903 5679
4742 7232
5310 6134
6441 6742
1613 3648
3859 4371
5460 1407
7695 9442
189 1303
2320 5403
7888 6520
7904 4838
3707 4161
9795 3143
41 1594
8477 7458
573 7244
2038 3692
8639 279
4992 9688
6140 7539
3338 4023
282 420
647 4571
6529 9112
8878 6443
8311 5324
2314 5260
2854 6308
6049 477
4502 2004
9090 7893
4236 765
1634 3405
5640 7320
358 8201
4755 2390
6862 1030
4878 1375
4387 7849
2883 2745
4443 4258
5142 6790
7512 1743
3323 2884
4596 2088
6520 5494
7900 7477
4568 5164
3500 1767
2554 5565
4421 731
6642 5694
7649 9783
3930 4233
8006 4305
5095 4900
5440 2180
1782 8278
5729 7327
5835 5087
9329 7066
7943 5827
3437 5861
9630 7969
8679 400
9867 9975
4631 2041
3207 3165
4580 1165
3784 5053
142 6355
4341 9511
9029 6000
849 1488
3249 2697
9556 2260
5098 3016
3725 3681
5991 4737
3487 2304
6800 1289
1298 966
9168 6136
4043 2575
4527 8880
1480 9619
2632 964
1731 9229
9467 8730
1165 976
1939 279
4882 9216
9012 8644
8637 3075
7261 2841
6730 7331
3436 4441
6116 308
1799 3017
3727 4477
6731 1178
1040 6387
3524 281
2593 3332
6943 611
2595 1495
3002 7593
7185 2799
4016 226
7681 4119
9525 2951
3618 8434
7267 1655
8140 2856
2076 1769
1621 7147
4833 6778
8505 3141
8855 9337
1028 2889
2615 4272
9170 9680
2364 9145
3070 6390
8819 4642
9623 9438
8226 3883
4802 6372
5174 7897
8497 8432
5716 2652
2191 1458
6921 2555
6190 3988
3537 6341
8511 8977
4368 8949
5491 5812
5503 3888
1161 627
9940 368
9211 8617
5762 4505
6012 1958
8421 3935
3708 8842
1000 293
2448 4141
7394 2645
7051 8733
6237 8482
3860 4046
3975 4071
3412 8586
6371 214
7839 1848
3531 3835
8271 2346
7152 597
7274 8666
6319 6977
7363 5361
2812 6604
2854 8101
4990 156
9768 5559
48 9340
4685 9414
6542 3056
7860 8529
4572 5486
2207 6389
769 5767
2645 1793
6403 4816
3861 1819
2042 3059
1263 3932
9401 2121
6865 41
7009 4138
9657 9389
9623 6786
4219 950
5114 6583
6460 943
5186 7065
8193 3
7890 618
972 4045
1021 6316
2149 7376
1544 4555
9697 8860
5413 4271
2407 4737
4529 8826
9577 9220
1061 8664
6544 3456
7248 6473
6405 7784
6296 5596
7226 1745
5422 2527
5500 515
896 8750
1574 873
9594 3789
8586 6539
4032 3958
8056 6377
2267 4140
1727 8389
9756 583
6766 96
8157 2499
7036 8628
2082 9889
8924 7554
6163 6564
5661 4920
9240 6305
7672 9980
3322 2150
3440 5420
9173 9977
2821 8317
9224 9972
4776 9843
4614 3608
42 9968
3207 5264
7324 6780
9516 8914
5944 9687
2319 5255
2933 7706
8571 6408
2129 2380
9068 8984
2521 8259
7775 3894
3040 9666
5622 6584
522 7418
8986 1861
8380 9501
8018 9856
549 5548
447 751
2619 3254
5939 1141
6190 8916
9068 3381
435 2796
7207 559
3195 7016
1060 7701
1340 9854
6116 7066
6060 8262
784 1445
4930 7009
2674 6956
9725 4762
2561 407
2063 8659
7075 3854
5825 8482
5667 137
5211 2644
896 4480
4374 9655
691 7089
6992 8193
6588 492
1879 9437
8518 5027
652 668
7139 7334
2886 5084
5952 7801
215 7000
8111 3141
1134 8475
8191 4274
5455 6101
9693 1956
1565 646
1344 4715
7799 7035
2482 2844
8549 9822
317 1406
2412 5402
2128 3382
5785 9293
5140 3122
1240 7734
9996 3796
8370 1980
6326 3594
1276 7979
4319 5464
3583 4184
6243 4859
8980 7109
8083 2008
1950 5846
6285 9606
5747 6527
2847 4898
4505 5157
9244 9178
7281 128
296 3055
9805 2727
3250 8197
4286 8659
3709 4813
7703 2213
6585 1772
9715 3579
953 4962
6153 9278
6209 744
9676 1659
6714 2976
1275 1033
3912 415
5258 3258
1006 9787
9147 2789
4496 2168
2170 7929
2963 5758
7737 8330
7892 1288
1117 5234
6183 8648
4475 1456
197 5353
5873 2563
5539 7023
7271 1441
1290 1942
7751 4000
847 6910
2446 547
2206 5439
2385 4671
6036 9756
6737 5439
7233 2095
1932 3653
9890 9431
8545 296
2550 3978
8004 8716
3765 4322
5602 5401
8636 845
4120 5024
838 8377
7751 3428
854 2860
3669 5764
3806 9677
6250 6765
1499 9530
8811 5258
3334 5982
9652 6688
3217 818
8468 6453
2052 9350
6125 4577
5641 5600
6313 4102
132 6604
8731 5522
8612 1151
6436 4082
8511 6408
2208 7977
5762 3359
7018 1555
6170 1510
5965 1535
4701 2314
5637 332
6181 6636
7152 1707
5713 2466
5224 9101
551 8030
5587 28
7261 9799
7205 5430
2234 2201
2630 897
2318 9864
353 7100
3481 1678
7183 287
6954 5198
6268 3218
9023 4819
5203 2995
9453 4666
5528 4624
3415 6363
6751 6187
4776 1314
2601 5394
6072 640
3112 3216
9853 6976
8402 2907
4791 7591
1247 9395
4438 4457
7352 2240
2113 5034
2776 41
5152 6503
1751 6103
9103 1855
9494 4205
9444 1232
2959 4934
7764 3000
2833 5342
7428 3333
8678 4463
5344 762
1960 2656
7075 5963
1591 8513
1954 8858
2504 1590
1081 5722
3965 7487
9838 9918
1171 9655
9851 3016
8101 2664
6255 4486
7187 9402
933 3229
1689 1860
1151 4560
3737 8264
5576 7342
9039 3864
4023 4053
4125 9921
5083 4391
3309 4496
2912 6949
2388 4303
3714 8420
281 24
5043 6031
2592 9392
7336 1386
6616 5766
4250 7302
5585 8799
4795 6663
7917 9167
9667 6120
5553 6965
4906 352
8871 1854
2350 9833
2984 6041
5707 1401
4038 8299
6646 4178
4324 2498
1020 2639
2645 2617
9402 3592
549 1119
326 6840
6054 957
1167 7679
2379 74
7755 396
344 4877
9674 3552
951 7500
5 8939
9585 2701
4597 9542
7827 8995
6842 1435
9180 4983
9243 2141
1194 4267
704 4149
2367 8264
883 7404
3210 2645
454 606
7610 2557
2708 2648
7970 4218
5634 2329
9616 4015
4447 9041
4223 5970
1635 5668
1276 2738
434 6116
5423 2734
7566 4594
8371 8581
7060 5485
173 5809
6713 9328
4265 9583
2982 4945
585 6319
4067 2554
9309 8722
4914 8323
4154 5023
8853 4304
6284 4481
7220 9813
685 674
2153 2890
1440 4330
4064 7789
1052 8457
3047 9287
7636 8620
6787 3177
2620 8994
6754 5983
4933 2177
4769 4016
3143 1357
8308 9032
5572 4482
4001 3589
1141 5913
7671 5234
7671 457
3832 3735
902 6390
9875 7803
1244 941
2972 1568
8228 7756
4888 6196
341 632
1742 5254
9870 8644
8006 8989
3348 89
5397 7568
6329 5237
2711 6369
6739 6801
4887 1789
944 2452
979 4000
9971 3932
3770 6608
6264 8954
6358 689
8334 5078
5818 2708
730 7242
3683 8812
7491 5994
6400 7180
9663 7969
3100 3969
7840 8256
6796 2712
9760 8404
3874 5897
340 3722
7969 8000
4949 8789
5908 6983
650 5950
7309 1714
22 8596
9448 9511
7037 2241
8125 7979
7239 4099
6176 2774
2006 1147
7513 663
3567 8768
5764 6163
942 8542
8771 6359
6629 3128
7202 2842
9344 1769
9130 8418
7885 9755
6504 3620
8931 3787
3239 2423
6390 4866
7725 6700
4943 1508
1881 9709
9611 8350
2469 3745
604 8444
9369 1325
7811 3780
2653 6225
185 5457
2103 8182
2960 5514
3720 676
4878 5589
8274 7363
777 199
3431 9799
1705 3174
6923 3057
5817 2280
4383 9955
9500 3240
7755 2230
6450 9614
1312 8495
7154 6694
5681 4399
2832 7323
6029 4999
7930 7422
1160 854
6379 6472
21 1495
4946 9222
8726 8570
390 2798
5696 8246
4390 98
4189 4649
1854 4104
8339 1239
1816 8608
5423 1771
9497 2642
5579 3253
7468 4686
5778 2185
9783 1334
7498 4554
5042 5346
3031 1559
4009 8316
695 2340
6653 7430
7556 2566
9614 5760
5152 5815
2475 8623
5556 1239
8297 647
3626 7909
7793 6070
144 2154
5028 6164
3496 4642
2377 3312
3460 7193
478 3798
9077 4041
3924 4736
836 9126
5485 8209
5410 3064
3866 2391
2282 3648
7823 5392
6260 5481
3767 993
3525 2236
618 1422
8746 318
70 5569
2289 9990
9598 9175
5609 4587
5264 9874
4043 8816
977 292
9904 2902
1882 8983
586 8890
4534 7598
7940 5199
215 3955
5331 3092
4641 7920
2594 6077
3984 4426
297 7711
9263 7928
5352 2611
7743 8372
5864 3913
4409 3499
3839 9757
3726 1810
901 1688
5875 2208
5179 9158
697 3190
986 8920
7645 3838
6805 2345
214 7973
3489 1909
6069 357
801 4346
837 4342
5965 4310
529 5376
5390 130
7509 2133
3867 2750
4937 9128
1446 7838
3475 4273
3745 8090
1111 3996
1365 2950
3904 5332
8979 4119
673 7993
2391 6620
3462 3331
8330 2443
8176 5990
565 5966
2502 7794
7427 9572
4179 7447
4542 9466
6541 9868
8128 7608
1867 5400
3469 3214
9904 9826
1078 9550
5039 5921
9541 6965
7939 8904
4329 6324
5972 6154
8887 9583
6063 4268
6014 6256
629 6038
3322 8287
3635 7551
6753 8895
3528 5669
453 8377
2787 7970
6860 2138
1560 4075
5234 3204
8363 8655
9230 7678
1984 8926
9623 2274
1486 375
3792 9823
7712 4216
2470 7398
998 141
4148 2152
218 4920
9970 3624
769 5989
2934 7614
8639 9785
7831 6255
9588 6953
6023 971
9853 9352
4186 15
4420 7647
5000 250
6732 8685
6699 3570
4249 752
1745 4036
6151 6388
3419 3905
8463 6991
5065 1282
6221 2832
551 4850
7391 7440
1364 7218
8366 6640
7375 3745
5049 3772
9259 2309
4240 9925
3853 7992
1903 9123
3669 6404
4870 7869
2083 6093
5616 1851
3795 9826
6893 8348
6395 3819
6412 4023
5960 366
8095 8108
1469 785
8764 5988
108 5989
8679 5938
1510 9990
3931 5420
2268 423
1979 1594
3866 7027
2512 6280
7550 4879
804 3519
4234 7492
9559 4154
2982 4981
9923 1686
6393 1010
7969 785
9230 9460
5344 3099
3866 5070
694 1190
6665 4214
777 530
4616 8244
6453 8501
9599 8328
7058 2021
7650 1093
4435 3238
9060 2019
3597 4409
6204 2834
7127 5156
7478 2228
436 4137
467 707
1743 4675
4030 5819
3610 959
840 9623
9724 1329
1442 4174
9097 1434
104 1772
8974 2318
3791 5728
9743 1819
4501 4162
9085 1632
1226 3476
445 6014
2336 6914
5360 4103
6415 48
9678 2956
9246 7978
300 869
4221 7307
2006 2195
1628 4368
5412 1375
4820 5641
1276 1609
5799 8919
4010 7753
3250 1017
7076 1723
2567 8898
6638 5600
9530 8198
1234 552
3058 7004
457 813
7198 7491
9660 9231
4800 5992
8792 7667
9125 6274
7461 2699
1314 5503
9925 244
4577 5295
7356 4454
1367 4113
240 9044
7858 3948
8206 7688
5649 776
7336 745
6026 6671
2443 8167
8176 8984
8019 4324
6785 3737
7738 7850
5154 6173
6407 1319
4282 3685
3722 8406
1880 3273
842 2102
7166 780
2739 7746
8073 65
99 2324
4080 4547
5559 358
8244 6224
504 4862
7652 4862
6124 7573
6028 6498
923 8189
5694 2842
2720 3608
3492 3016
600 2064
1287 2082
3188 5902
153 4521
2670 3818
5632 1402
9147 3182
2030 7150
38 7005
8489 9000
7906 4810
7911 907
5981 9842
4444 9370
3520 2630
9771 1465
7385 1709
4337 6882
4187 4215
1162 6952
7569 2434
4232 5238
6536 6719
9145 6788
3823 72
2846 9867
4816 7274
8019 6671
9982 2057
8958 6965
5175 6085
7399 1021
1223 5225
4129 7509
8529 1376
2377 7954
5323 4313
8718 1363
3575 2043
532 718
7201 7854
7204 4802
8609 5110
9717 6379
2094 5244
7905 2891
7827 2444
1150 3907
3210 3690
8327 4631
9242 9809
2089 8905
2882 2111
665 6480
3136 2201
7745 4828
3519 5384
8782 4230
8197 124
1881 4877
4739 4058
938 9254
5146 782
751 5278
2921 357
9994 1502
1943 7388
6226 9404
2240 9096
8718 8077
4691 4310
5880 620
4446 5001
2660 261
7828 2866
4840 9390
9676 3891
2358 2898
2575 6206
7647 541
7461 3640
3969 2300
7099 6512
9351 2743
1399 7592
9985 9562
8054 3756
9423 9054
8811 5603
7571 7983
2548 754
1895 7460
1340 5728
9606 3060
7474 1512
3335 2958
8660 5921
7267 6567
1744 7735
6082 4440
9970 8509
6273 3907
7956 3082
276 5182
6721 9542
7584 5873
5655 540
5683 5729
2055 3529
8125 3648
4736 2626
3615 9435
8835 2932
1196 489
3688 9387
9645 1748
1955 688
1625 1751
2935 9076
1517 4549
9338 2552
3912 2105
7055 1028
5995 1641
3718 7684
6510 774
1015 8948
6008 8273
936 4525
9235 2297
4361 8023
7566 4782
4047 243
6408 2728
4236 5687
1945 3433
5722 4909
7544 3523
5048 1256
3710 4634
2775 2164
6604 9999
981 3831
9165 1589
2850 5152
4791 365
9780 8145
2789 559
6604 7660
7897 619
8007 2572
5526 8513
7415 752
1069 5715
7713 6917
6969 9675
345 28
1545 20
4495 5264
8058 4579
3438 1955
8965 1384
485 1472
6886 2065
5313 6711
6404 4747
9563 4730
2431 5817
2067 8521
6643 5041
1736 6385
405 1007
6945 8659
4106 8457
5308 7486
1203 8883
4366 6510
4847 2118
7036 5131
6369 1582
4129 8126
5360 6058
35 836
4265 361
5283 8117
1394 636
6121 5876
1834 7189
3315 1708
8334 8980
2020 6443
3510 1539
2460 2506
5475 8219
2413 3441
5880 2093
9960 8094
6122 3536
9163 6571
4775 949
9612 7254
9850 9627
2723 2143
1859 5315
6719 6852
2735 9591
533 6544
6785 2473
8217 8994
5141 5157
3313 4656
6843 5191
3749 1812
5203 1911
1105 5955
6762 8859
9480 4666
3223 37
9642 8028
861 6829
7660 5039
3858 5061
6180 4170
4791 7953
2175 3977
740 7588
4688 6152
4392 20
654 4345
4599 6365
5369 7777
1444 8004
6462 7628
3562 869
8401 6117
6468 5346
2062 2455
9947 6125
4672 2486
8259 138
8143 9834
830 3256
1779 1993
5542 4837
8564 9378
6274 8594
2581 6059
218 8506
3717 1156
6281 3363
3611 5629
8935 5470
3017 516
9928 8708
731 7649
7115 1919
7766 8763
6811 2147
314 1618
3604 2118
2237 262
6824 165
1711 9557
7220 7462
9968 8671
163 4924
5188 2924
1940 7462
807 6497
6485 4232
6392 6983
6088 8245
7881 5862
3513 2101
1278 7771
1047 424
9990 9218
2255 8241
4294 7680
5936 4631
8182 1274
4754 2620
786 3200
4771 5745
4114 586
573 7263
8144 2653
7569 8141
9343 1329
9751 8960
1942 9799
4877 2746
3123 9309
6187 6803
3317 9142
7328 8720
706 8775
3356 3873
9340 6197
74 7038
5606 2421
6909 3012
6263 6114
8605 6493
6225 9441
9376 7648
4735 1203
2002 4880
52 2894
4786 9281
3958 2639
6968 9748
5222 501
7804 4146
5041 376
4128 8434
4373 2497
3867 6431
8604 78
6612 7023
4218 6922
77 8322
2209 5489
5010 2769
195 591
3810 4949
8662 6461
6721 6597
1616 9498
1844 7029
9508 8554
1945 3220
6693 9832
7765 8659
3064 1375
4781 4162
2851 9140
1735 3990
5821 8135
2087 9944
9631 7309
9049 5139
8700 180
3985 5836
4474 4727
5294 7595
5047 3020
5561 3785
4325 4738
7369 6789
4341 1679
2612 5589
3176 2064
6245 9385
9389 7340
1939 6135
8427 2953
8187 251
1935 2929
8820 5680
4287 5532
7718 1700
5371 9423
497 3175
1860 8963
5940 2727
4570 5832
6007 2017
6182 6233
3099 8916
7397 2901
4297 2106
6621 3236
9620 6053
9287 7004
6618 3792
2169 3000
6590 2718
7157 7681
5342 1320
5041 8679
5121 3779
3120 2585
2137 3394
7924 9771
7842 7242
1111 7734
1572 1168
3364 5469
8347 5173
4544 3368
5825 7419
4465 2378
8978 1050
4383 1259
8729 3820
7802 8340
44 9450
6664 1126
2721 7342
3176 2868
158 6024
2953 9013
7553 8181
6870 497
2793 4530
5085 6038
3422 8178
4416 567
7030 4465
7002 9315
3541 2889
5687 4370
7035 1242
7245 4905
392 108
1372 3358
63 6594
5209 5731
5117 8981
242 8968
1819 4887
8147 1203
3089 7353
260 711
5419 7489
6175 1629
7483 7412
8505 5585
9529 6063
8546 7033
1363 9745
5528 3332
4320 8772
8709 899
2417 4557
8383 6691
7193 5828
6767 1792
3995 6975
2910 3784
721 8059
6499 7166
2832 5062
9992 8812
648 2790
8499 6808
4029 9938
7450 4934
4431 8568
7767 6481
