6198
7255 8326
9519 6957
5569 1342
2008 8727
9443 9748
8868 1399
4247 2219
7975 203
5004 3635
9706 8683
4070 4384
5087 5979
2940 5468
3186 6230
9375 3405
6252 5172
9366 2700
3294 1548
5683 1424
4469 8414
850 3650
5217 8492
7614 4270
5765 5218
7018 934
2283 6732
8386 3623
1448 1558
5953 8940
813 5592
9662 6623
4867 8484
4754 9003
6576 4682
1583 4058
5900 3916
9819 6074
8297 7011
1888 6762
2122 5103
2385 8840
6041 5322
7260 6045
6341 1900
9359 7860
3011 1732
2382 3023
2915 758
3848 3580
3363 3372
5172 4275
6217 7496
6416 8483
7137 9028
4289 7475
2325 4746
7675 3293
4171 4705
9113 5193
8435 3355
281 2498
2280 6959
7325 7923
3694 422
3301 8785
2808 4477
8936 6585
6077 2227
3353 5899
4320 3985
7504 8023
8703 4862
8979 5513
9980 1804
4169 5015
1649 6099
772 3942
3825 6695
3020 7825
3827 9119
4916 9630
3181 2164
1304 1086
1783 1613
5021 8538
713 1159
2461 6186
9210 5743
9006 9308
4485 8160
3323 7045
5957 4046
3091 8920
3984 180
4254 2556
356 6618
4647 1006
4339 8045
77 9958
3120 3612
1336 9031
3499 1036
6992 9771
6970 3281
7533 5519
9397 942
5733 5602
5389 4714
6101 5462
522 2841
3281 3738
98 1056
4506 3880
7692 8132
6626 82
869 862
4655 6403
8813 4772
1982 4041
3312 1552
8790 5730
9130 2921
211 7393
9109 3420
9174 8823
5424 2970
5077 6629
5439 4890
15 7419
9616 8228
8571 5122
469 6558
1884 5478
7718 2780
3810 5830
6730 6370
4911 941
4796 3870
6002 1157
6834 7699
5306 8909
4507 3427
3896 7760
428 2557
7591 1882
3399 5463
410 329
4939 122
5113 7378
6918 3144
2154 468
30 8873
2980 8100
2026 4742
3713 8796
5056 1394
5566 2151
312 5740
1296 7962
8503 9456
8558 9070
2412 9714
6855 8205
9839 6403
2061 8821
1720 7039
9492 1860
4962 6226
6295 2197
7123 6667
3944 5369
6170 4120
2504 9734
9900 7575
8111 6305
2221 8922
5324 4302
8313 8258
5542 9057
7081 3052
2430 9440
790 9749
9766 7228
3026 5860
8246 2015
3081 1965
5929 1272
628 9688
5594 2452
6978 6969
3770 4977
9948 6219
7317 6886
9802 6038
2299 9601
2778 1523
9210 8381
5788 4618
554 2528
982 9317
5592 337
3475 430
8111 4610
9935 9776
8378 869
3419 317
5957 8343
6928 3068
4685 2322
2619 4088
5469 4609
3685 669
5887 8417
5441 3508
6051 3605
2764 80
4542 1485
4720 8066
9165 8485
9724 7377
2442 5130
9505 3870
932 7581
5874 5981
7614 3547
7676 6402
6635 2046
3439 6773
446 7869
3281 1012
9482 3676
3816 8565
8535 7599
5960 445
9599 6336
8766 4896
8738 4921
723 2688
4578 6263
374 3206
4266 6637
2650 9844
8173 8252
3139 1626
6396 6179
5197 6763
9926 4927
2543 2526
4515 9663
9730 8054
6317 5890
1167 8933
4442 2020
7172 2731
4860 3399
9724 5318
2226 7464
4679 529
3139 174
3444 4335
8624 9094
5179 6379
7010 7687
5508 8002
7653 6883
2412 5003
5123 7101
3352 6334
4694 4631
8109 1668
8993 5366
4436 9097
1303 4085
5823 5681
9726 1189
3380 9832
8566 4967
5521 5664
6427 4277
6335 6179
4063 5664
2582 3592
6353 6627
8549 9910
7603 1090
6929 2388
5352 3974
2768 1232
1348 2102
7417 6946
1952 3699
7134 3441
7909 1143
5997 6096
6693 4551
8926 647
2683 7061
9223 7774
355 8992
8941 9189
6526 8278
1160 7298
1766 7857
6905 4326
9024 8965
4787 2730
4421 6053
6866 7853
710 1981
19 6114
7244 8846
3899 7167
4321 1449
305 8222
2877 9964
4664 9653
7150 2150
2136 586
7248 9321
9021 4293
2657 4835
4428 9210
4035 71
4338 2821
3665 7511
9292 5417
2005 5850
822 2391
7721 9338
6186 1206
6703 9601
3982 7341
4760 5757
6822 9385
1226 3825
1491 1333
85 5668
9957 5535
6950 8989
9778 8142
1436 998
9141 3077
1513 9761
9865 2313
5915 9606
23 6531
6827 1695
2748 758
8468 7161
1606 9210
2865 9929
4060 9875
8843 9843
2938 541
5894 9995
37 6130
8744 8831
3434 3021
2213 4833
6153 6100
4522 6553
4655 7340
1532 8379
2320 2468
7519 7087
302 9021
2864 5493
1600 2777
2731 6810
7303 9617
5108 5897
2527 2692
8713 3409
7296 5534
1969 5519
2323 9007
6827 4548
5642 7565
4545 3158
9035 7500
3324 5076
6254 2995
1912 8139
7469 5388
7332 1360
3558 7648
3199 3923
8729 256
1091 1096
5001 4353
1211 5317
2629 3340
49 1716
4906 3925
4931 9309
5718 39
9568 8466
2081 9171
9910 6967
8257 6576
1483 3168
5407 8636
8324 484
2137 6922
4662 527
6135 4375
2548 397
9129 750
7986 6102
5105 9337
5956 2523
2915 4542
7285 7221
8829 3385
1641 3098
769 3031
134 6538
2027 6582
1760 1959
938 4485
9381 7326
2220 6619
6353 2013
4670 9343
9581 2961
1045 8040
5632 2651
6940 4179
2440 7941
3893 9
4824 8905
177 610
1159 684
2184 6049
9984 7298
834 3496
5878 1254
3705 5043
8584 2359
4875 42
5778 108
6447 8981
6474 1169
8035 1524
1363 6756
1662 4267
5631 2915
6992 9365
6681 537
9450 7755
8838 6117
7971 3049
9205 5163
1788 1141
9266 5317
3106 3101
3541 4107
3789 8425
628 6382
168 4114
2293 9878
9057 6821
115 9642
2650 5755
491 4256
9828 806
8204 4355
5679 7775
4014 1718
1203 1544
9450 2286
3817 966
6367 934
4065 5696
360 1813
8380 2496
3036 485
2214 6595
8123 8194
8952 7296
7310 825
8456 8552
2445 7504
331 7280
5831 2985
7532 7504
9357 4219
5064 1960
7735 2624
7006 5084
7879 6608
3000 5434
933 8903
9397 8286
3807 1716
3528 2978
5293 7826
1927 96
8605 8956
2228 5034
7829 962
438 2106
8642 1459
3758 7916
784 7055
6593 2892
6246 220
2644 3205
1838 1070
1116 6444
6433 6538
1530 257
862 4930
4701 4285
6464 5841
9238 9786
362 1461
8985 9903
9272 7231
6269 291
3022 9948
788 6784
9743 3465
4898 8448
9307 6293
5465 7137
2429 3649
1870 7880
6637 9199
8522 6634
6075 1222
5281 1003
5829 2415
9301 683
7624 7450
8474 540
7423 1117
9310 9948
1389 8510
9957 7555
7331 3511
398 4604
6010 5077
2103 3389
4034 8290
2835 7635
9687 6526
448 3605
1378 7204
959 4245
7041 5136
6254 1259
5369 1395
4093 8767
6544 7000
1391 2154
4574 6554
428 6546
1367 7412
6755 5929
2921 6120
1988 1569
2568 1295
8872 6278
1642 1620
3216 238
7982 4652
9670 206
4290 8222
327 5106
9077 9049
5952 9730
8405 3674
7894 7983
6703 5076
5939 7574
5099 9123
9059 9948
2792 5967
1794 835
1692 6001
6973 1481
1317 5348
7656 2503
4469 5570
5743 2783
5336 1341
3003 3911
8797 8448
6882 1219
5649 9723
3087 5879
4903 1320
1925 6667
5146 6538
1796 9621
19 8278
7445 406
7995 5724
1851 4450
7279 3194
2459 2855
6440 3818
1692 7902
2754 4475
7356 5471
6652 8890
5370 6649
9317 7809
2812 87
9009 1386
6733 9891
3945 1506
8300 3109
8597 797
1818 6092
3660 4896
1278 2152
1902 1420
9125 2276
7312 6302
3092 9339
3736 6882
3000 1137
6259 3953
3563 4306
4450 3519
6267 317
7411 7169
472 6228
7771 7725
6372 4383
9291 3250
7667 6270
7793 4301
5765 7310
640 3099
8774 4483
2132 2731
7218 2185
5836 1085
1359 9955
354 1374
711 3174
2011 7475
8673 745
3106 3112
7932 3936
2536 9498
1299 4256
8139 7489
725 7828
6546 2793
7941 6491
7792 9411
9197 919
8211 9668
4290 225
6501 3517
1703 822
8401 7360
1814 3759
8061 2771
4072 4165
2755 5034
2034 4113
8401 3847
1692 7857
3031 6847
2 5574
5236 3991
4865 5301
9812 6800
4640 3703
9178 3697
6816 2508
4023 7017
3253 3093
4459 8568
2694 4435
4513 9918
31 5516
9328 3179
1894 3549
5003 1269
6861 1277
2657 8542
7111 6627
1274 2626
7946 6855
8785 9404
1754 169
102 8934
9123 2201
8539 7762
142 6250
7555 8708
8193 8827
8221 3879
3087 7148
2387 5436
4800 4983
4414 3923
3206 7009
4022 7539
4924 8862
2622 4592
9925 3502
8933 874
2039 5499
1164 6063
3946 4141
1425 903
1779 8733
4469 6019
5660 4027
2175 9849
277 1372
7650 2001
7533 6683
3250 3296
1096 2407
7844 3564
3553 7774
9047 4701
670 9313
2169 8674
1677 1132
4880 2560
5051 4000
5301 8481
5453 8999
9576 7703
8116 5019
2609 5632
9252 5198
9520 1385
7979 801
744 8020
2122 5815
6119 1969
9514 277
6234 41
6887 4040
9456 4857
7142 387
626 610
1822 2092
6224 7429
8359 461
2206 7357
6092 828
2972 8584
9521 334
5143 6002
310 4994
3517 6042
9057 8153
6430 5942
619 9903
8506 375
9454 3725
3516 3185
6052 9221
8679 3673
4099 3055
6508 6855
6216 7425
8291 6643
4759 937
7085 7369
6616 792
682 2234
3670 434
7372 1885
3782 5998
1767 5497
4372 3282
2733 7441
9743 5782
189 139
9133 2430
6868 1838
3974 7331
7161 9851
9420 251
8505 1695
294 2526
5504 9990
739 9033
9439 7926
3321 9817
757 575
6328 3851
4322 8968
8596 8995
5293 293
7759 3842
3856 5931
506 7231
2131 9066
3980 6731
4552 8928
7520 6346
1767 3461
8105 9999
1716 4928
1745 6493
1376 5538
8778 5069
5014 5758
2412 1929
4866 3734
4313 9101
3921 2660
9246 2774
5933 4702
7145 5641
6241 6732
3406 2339
6276 3455
5800 1298
1772 450
1163 3032
8928 8570
6499 5664
8828 1163
2542 5393
1081 6054
2070 3722
2401 4197
1492 8692
5277 2909
6111 5364
2546 5877
4812 9834
4580 8798
8853 156
4990 3189
9960 2113
7270 891
1223 1272
8686 3512
2457 6225
4341 4331
5724 6813
6931 3183
6729 2834
7085 1484
9401 8245
5994 3596
2878 3254
5099 801
7395 182
8334 1082
6595 2388
4499 5142
1231 269
8735 9585
8672 4787
9578 3523
9765 9347
8464 1664
9739 22
7504 545
3018 9073
3246 4939
8936 3944
952 5805
6763 5898
4263 7076
9495 1598
5055 8765
976 8144
1695 2232
5702 5732
832 8761
5856 818
7491 6138
3508 9402
2993 5782
6514 620
1194 529
777 5233
7942 1013
1966 4569
4421 4539
4247 6795
5375 5820
3389 6209
4886 78
4496 7779
6430 555
5968 3164
4115 4472
9056 5604
430 1804
4273 2594
5111 9134
3653 1352
1920 3803
9567 3119
5767 5701
2333 3827
2958 8103
2094 7839
7513 8764
1732 3841
7073 49
2906 2440
2448 2979
635 885
7740 3250
5003 9424
7090 3931
9419 4338
7486 3224
8419 9470
3146 1840
9434 1787
8706 5884
7968 331
4870 8025
6552 5037
8148 1950
6312 9198
965 1458
2970 2925
4972 224
1064 2659
32 4522
4302 6674
3523 8474
623 5780
8399 9969
377 9198
5140 7696
2331 520
1388 6760
281 8165
8123 4488
2253 706
4192 2319
2192 7139
109 9470
1585 1953
9770 3805
4793 5324
798 5831
9275 9489
472 390
938 3189
3495 9954
8004 807
22 7415
6636 4990
780 9888
9353 6100
8536 822
9969 3192
4602 6914
3538 1385
9037 1906
9010 7350
1166 7723
9526 5036
2282 3224
9594 9078
9646 9271
2293 3329
5971 5328
1904 4851
5607 3036
7269 7733
3353 4457
907 6792
2504 330
4597 5247
8579 2525
7451 5663
9210 1366
2448 5144
5084 2005
8302 6408
2191 5017
8829 2318
4423 2738
135 8413
7416 9801
3647 7653
984 3437
4763 8670
2358 9615
8827 322
3731 2159
4603 293
6003 9520
8080 5474
6952 3192
82 9611
251 3662
7630 1821
1724 9214
5970 4592
2260 2038
1186 8018
2286 1360
7274 7728
3882 56
8910 696
1273 4269
9279 5921
4789 2059
9155 752
380 4131
3010 6002
3590 8065
3533 6514
119 6534
5890 4505
7737 6831
8885 5894
9412 7715
6781 3494
1738 5573
2732 7686
9177 9273
8382 6576
6935 371
1423 3147
2071 4110
4326 5075
4159 2659
8174 281
6624 2890
7910 1239
4799 3514
6881 396
1064 1867
9221 9756
56 5790
2256 8175
1877 3658
866 8354
3314 8238
8085 1715
5313 6623
1124 1868
9777 978
1245 1793
5951 2893
1189 2458
5895 8169
9922 9232
2417 3585
6908 5375
753 6837
3083 9945
3530 5796
1401 9481
2448 2935
4562 4968
7260 5676
4452 9046
7490 7512
272 409
9897 3435
1274 7312
773 5288
2027 8693
9024 8028
1913 8288
4768 4798
8174 617
8919 3502
1147 1933
4442 1953
6505 716
3426 6970
399 7026
1495 6969
9124 1569
9891 9313
4866 7008
6044 4423
9144 6108
1529 4109
6143 4299
3865 8511
8468 4260
7718 3405
600 2611
1829 964
4214 3786
7381 5297
6026 4104
7488 2689
1646 8091
4129 6064
4803 6193
3494 4549
9993 1291
2737 5522
8959 8278
6876 2191
2949 560
3649 5672
916 8171
1657 9601
1466 8976
7007 8917
5122 2316
5870 3847
4578 4433
6351 4965
8151 1624
4283 4729
4012 8042
6741 1974
2147 5251
8060 6594
9947 430
8060 6954
1364 9098
8963 7877
8768 6925
7042 9043
6205 625
3606 1252
2075 2202
6910 6159
8299 3236
9704 340
6006 8780
7277 8875
7075 9252
4557 63
4789 5822
5925 7670
276 1999
4674 1142
1015 9204
2102 4619
5855 7433
5526 8738
4413 589
6640 5168
949 2341
6854 9778
9055 2332
9006 7849
8859 3600
1583 7149
3244 3289
2922 6830
6421 3820
1589 7895
1224 804
91 5782
2038 4678
741 9843
137 4258
1402 2308
6210 760
7408 6315
335 785
1056 6329
2268 7429
6292 4267
3035 3571
2929 9210
3527 5150
1044 8259
8271 206
7440 5035
4189 4065
6543 5288
7759 7632
7276 9808
8448 3401
2026 1143
4295 492
8708 3114
6464 7822
6586 4386
926 7830
9823 9640
9496 2451
6135 1932
1653 150
3044 8428
9909 8998
8306 8171
7131 5218
7327 9804
4174 4178
9303 3542
5247 5051
6328 2552
7782 6632
5416 946
2799 5519
8800 1486
9054 8482
9851 7825
3330 4341
6001 3521
8933 5824
5164 2105
5134 6095
7701 5897
6700 9500
2133 6098
451 1220
421 6425
8474 4725
8842 4182
3016 1590
1796 2733
7610 7852
1045 7988
6731 9995
876 1123
2776 3765
7767 6570
2274 4975
9659 5310
9741 3935
9539 2245
1055 4226
7349 7650
2602 1388
2210 3224
1188 4715
8523 2615
2398 2675
573 4015
7252 8285
207 9099
178 9247
5401 4450
4700 9801
9818 6334
8235 2883
2405 6463
5828 7305
2909 2800
3431 4610
6956 7587
6807 5770
2509 8427
2178 759
3774 7778
3328 2883
615 1509
6100 3410
2791 8774
2920 4525
4464 4451
5977 3753
947 4435
9494 9679
6637 9610
6763 557
8959 3168
9059 2465
2567 2234
5169 9258
685 1834
806 776
822 1619
5893 9306
4943 905
4844 6079
7838 3240
6431 1495
7688 6201
316 8331
4479 7030
1840 8249
814 9291
1288 8427
2471 6276
5970 9838
7175 1365
3095 5926
9256 1621
6996 6530
8713 5361
2757 4698
6602 6321
1005 7710
6967 9478
9014 44
3646 8698
7385 6851
7315 1904
3383 8600
2584 7412
8516 9524
5592 4935
4077 4507
8749 242
5777 4335
7581 6889
6305 7727
8463 3102
201 4742
1855 651
9829 2215
4320 2622
9062 9289
6083 4298
5223 1733
1455 9128
1013 162
4725 627
6022 8089
2682 3343
8764 6912
4321 4492
9916 4888
741 1088
6644 2390
1552 3885
2045 1853
4076 1993
9242 4679
2697 4849
1737 189
9798 2220
2650 235
8747 2948
5111 5047
2650 6770
3495 9578
4419 7973
3455 7042
455 3760
6448 4125
2526 9959
6610 1154
6271 9991
3567 5373
6008 1953
3624 4178
2229 3641
8664 9262
149 9988
6575 221
4176 2528
5618 2268
7704 7090
846 1318
748 7510
3065 929
6299 6501
556 6519
8757 5834
6737 7647
250 3981
9473 4424
8367 7146
808 7938
4511 4233
2693 7069
5601 5533
8083 848
6609 6791
8487 698
4377 6345
4002 7525
5973 8011
6075 8183
3014 3900
94 5958
6908 8747
1906 8271
8061 9519
7937 4909
9492 5576
7221 310
1172 557
1803 4490
5131 6080
4757 390
5992 4459
5252 3337
7855 6758
3183 1856
5449 7052
781 9594
7863 5387
4537 1307
2105 6575
8314 8207
5473 6551
3358 4999
631 306
3866 4420
1069 1186
8587 9816
4922 6710
3129 1858
651 817
3413 9186
3613 5741
9154 9784
8390 2804
4992 1919
1556 8181
4261 8920
8439 657
4988 2285
5397 3438
8208 4253
1583 2412
2886 4483
2985 7382
2583 9311
7531 1146
5925 6359
4891 2719
4759 3156
6535 1711
1571 264
6008 5807
9853 2377
6443 550
7786 708
9190 8382
7643 148
5547 3365
347 338
23 2254
4715 9505
3133 6631
5015 1543
5207 5193
7567 440
1549 2269
4855 9223
9207 5402
317 5058
9779 7710
1671 3788
6156 7524
5545 3719
2551 706
4879 3064
4370 107
2848 8210
4996 7755
9304 9216
4879 8974
2555 3451
8579 4594
8701 8479
1209 7952
403 7631
7551 9088
2362 5991
8713 4795
1195 2835
5878 8465
9422 4688
5367 9025
7382 7162
3309 8481
9820 807
5968 7519
3386 9350
1890 7495
7634 3105
3231 1328
9244 6004
7514 5877
7195 268
4401 4928
9813 1604
427 2887
8471 8424
8974 8861
8299 1492
1028 5090
2501 1520
6405 1367
6029 5987
7008 7549
3985 4165
4704 4245
1460 8033
3222 3931
1351 1978
595 7824
2856 538
322 7356
1508 1410
6824 2057
8482 9448
2739 9722
4247 9766
4232 3775
8420 6690
1783 7594
4086 3314
7376 4311
2548 6078
7120 8342
9826 6671
9063 902
1935 6494
1142 4768
8687 2150
3695 4750
9679 3494
8840 2409
7670 1099
5049 5751
1593 9046
1153 4309
2058 2555
2286 3963
7136 1965
4911 1377
3705 2009
5819 4816
9686 5186
4991 5263
4809 2837
3951 717
1646 7458
956 3383
4903 2513
2794 5156
6586 3716
5104 2479
5312 5270
6097 9544
7158 3673
4343 850
4535 5624
1743 6952
9316 3961
1275 1285
2152 4757
3101 3236
4359 9459
8939 7597
8658 7994
1797 5205
8967 2429
1593 5805
6343 2457
2088 4598
5866 8778
1805 9443
9437 8861
8112 340
7689 8667
6039 8668
976 2304
9168 2042
2457 5225
5442 4292
7 6996
2455 2267
5531 1134
8388 9421
9309 7073
2918 3004
1292 4089
6358 9662
6774 7388
6303 5424
3146 8243
9728 2061
1208 3346
2704 6999
2158 2217
1637 4667
6646 431
9875 5007
6650 6657
8263 685
8852 1201
1770 9999
3786 1112
8501 5959
2478 1211
3718 4341
8100 9229
8620 708
6114 8672
2804 6802
9187 1956
2463 8247
4051 7293
8238 804
6498 1630
4838 4182
5171 6473
5539 5054
6805 2004
5770 5834
2333 7598
7539 4116
2033 6384
2005 7134
2692 939
8163 2033
5817 7796
6574 9994
1442 2376
350 9883
3163 9614
6901 5939
4616 8940
1741 6977
5888 9016
1409 7906
6701 4312
4700 905
5862 1056
8575 48
5505 2575
8179 9754
4019 9879
9354 5717
4818 8879
9852 7166
416 7206
6890 8680
6090 7895
6961 2198
7509 8669
4164 4623
1923 5559
8181 9127
9752 5570
834 5359
6731 5532
3497 3685
1010 5572
9128 6980
2391 1559
2736 2634
5142 2481
7900 6452
6532 61
3947 1114
1110 6302
455 5355
3889 6851
4958 8056
8590 5448
3118 8049
6231 7875
599 4048
311 4725
5315 3876
2738 3359
9180 7980
960 3442
9615 7476
936 3661
9836 4549
6816 3865
2462 5205
1805 2885
794 5158
8925 2203
7310 1540
1426 6822
4695 2577
3195 7822
4044 3212
120 9379
8332 4873
2244 9603
6899 7870
6308 2259
2252 165
7297 8871
3718 2343
2921 2186
6067 2580
5638 3113
7804 4031
4937 9931
2487 7239
9366 6388
7557 7187
285 7502
5411 1543
5454 7651
5949 3430
9582 5471
1558 8741
3181 7955
9104 6890
7941 2880
994 773
1935 8016
589 7872
4380 5380
2434 8230
9078 1491
5757 423
8426 6511
6858 9692
5797 2427
7818 9905
3906 281
9679 5851
4390 889
5591 9816
6640 6238
4307 7407
6630 3651
2424 8805
8640 5353
7164 5088
5020 585
1112 1138
3174 8850
5687 5052
8065 5573
5695 3480
4234 4030
69 8913
108 1312
3999 6910
1242 3689
4914 4254
2786 4013
5773 3839
181 2679
4041 444
7778 5694
7742 3288
9196 1241
7922 2789
2958 453
4637 2823
2214 1806
5961 4849
5167 7573
9163 5262
8318 2010
3731 2769
347 8342
5474 7365
5991 9973
3436 834
9341 2001
7805 3647
2712 3046
8215 7765
9709 7361
1862 4972
7683 252
7732 6228
1914 4770
1746 5635
436 9061
7990 4932
6268 1380
1353 8011
6086 9855
8894 8915
4435 2961
3124 8401
8015 893
7065 6339
5609 420
923 8975
7832 410
5845 7092
1131 5639
6615 9938
1634 5204
2886 9931
754 2494
1891 9970
2659 985
4283 6244
8818 8377
9562 7784
7422 4167
4537 5115
6581 1279
7377 1695
5970 4039
3381 8788
6120 9698
6563 3865
9895 863
7706 3604
553 7662
9657 3592
7647 6868
6315 8947
9325 4906
4208 3441
3377 4610
3782 5124
7517 5842
3897 2049
4881 786
1858 8672
5086 7144
4602 9091
9250 94
9205 3333
2526 8741
575 4837
3099 3771
3575 7232
7407 7178
8718 2543
3807 8583
2807 7941
9260 2381
6993 3019
1380 31
7860 1028
3280 2390
156 1993
3743 127
5146 7920
500 1624
4019 786
9075 1859
5333 422
7712 2577
4115 4113
2970 7188
1126 3345
9529 4673
4301 451
9550 6132
408 2679
5877 6987
1198 8865
7105 7354
6899 9719
2323 3298
1170 8904
5599 4721
456 9746
9814 9321
4339 4781
30 998
4496 1077
5858 8154
601 3338
632 8813
1477 5498
8214 230
614 4381
339 7523
2975 9199
260 9155
3119 5971
9433 1053
3251 1272
3410 7032
1285 2307
7167 6461
1438 9635
7713 9275
7622 694
3342 2688
322 4664
1663 6447
3023 84
4779 330
6726 1385
959 7195
2957 1684
1402 3985
9142 8865
4968 1369
8779 7194
1793 3746
6941 1877
11 7166
5395 7294
7482 9544
8604 2749
3036 1230
1642 6679
999 5492
172 2535
1068 1952
5342 6320
6810 9736
2274 6441
4215 8385
2440 8226
4883 241
6527 7479
8633 7766
7984 5579
6016 1726
8134 9922
3770 1037
8149 6861
2624 3342
9281 1792
5175 8864
8809 380
1780 8082
7825 6927
1858 6794
3064 6970
48 829
1591 664
5454 2353
9522 1418
9698 453
6801 4401
1717 2152
9981 3352
5459 1404
4227 6993
6808 1584
1024 409
3412 2295
8583 6203
2020 2417
1276 784
1215 1751
3729 4255
4352 1004
9861 2429
1821 6938
5705 5899
5964 3266
6226 6042
6955 2284
996 8380
4027 6881
5268 661
3645 4665
1798 7374
7192 5737
5419 8166
4675 3460
6720 5790
5565 4486
4239 3120
8512 1529
8986 4678
7057 2426
9961 562
8667 9536
7963 8506
1901 4803
7293 1407
2134 4436
3394 2141
5614 4424
9967 3676
2563 6924
8687 5226
6030 8788
5325 729
5168 6324
516 8468
2378 702
2664 9970
7400 5321
1520 1016
4899 2391
749 1435
4498 4730
5310 5103
3696 7555
6595 2875
6830 9637
7558 3924
7412 3733
5603 9234
459 607
6947 3052
9857 6093
1536 7905
3670 2657
1967 915
8530 7044
564 4700
4430 6736
2925 4920
3065 8094
6943 3551
3404 3690
1900 8488
770 5309
4317 6652
2449 8660
9271 4530
6029 5049
1115 2914
7497 8607
8565 3462
3628 554
5665 6686
9792 6797
5855 8893
9203 2079
2715 8802
6546 1807
6163 2801
8593 5624
1774 1040
598 2705
8990 7763
8686 8835
346 7844
2561 4362
6787 3576
1484 1845
1400 478
7229 445
8460 2707
4171 1684
3587 8952
9798 8579
1027 2301
4789 1161
6360 440
9497 5245
8528 582
8746 3241
8594 1888
9913 6797
995 6461
8102 3566
9791 613
5111 8897
9980 1974
5247 7411
310 6537
4386 774
2509 5333
2825 149
6974 5991
3684 9920
513 9912
8068 1813
9734 1345
6888 1827
9614 1449
9290 4824
5028 5821
559 1598
9566 726
6751 4340
6656 1755
8301 9128
2206 3827
8102 1437
2659 7170
5884 2744
4654 4400
9367 7408
3805 9710
4419 8541
610 6260
6537 1266
1022 7788
7918 5746
646 9369
1446 9195
3596 3296
9085 3350
982 3505
3763 479
1690 3099
2513 3110
1564 8231
7987 9751
2098 2320
3095 5796
8545 4721
1230 2914
216 5488
4595 3274
5597 9772
1560 3234
4583 2018
63 2716
8254 3522
8269 80
8464 225
9518 7926
1842 5178
2754 4281
8468 5459
3596 2056
6761 6867
1366 7227
811 2780
9247 3609
5024 729
812 3307
2116 718
8146 5709
6231 2717
119 8615
9131 6345
1765 4845
5940 968
6156 6062
4366 2336
8783 5254
9041 1870
8206 9886
8385 8984
9453 1370
1354 1457
6015 7544
4708 8158
1319 6498
1207 4682
2596 6793
2548 5250
8729 8305
5296 6496
58 4269
2915 4271
482 792
9541 4808
7349 2623
748 287
8190 9510
5335 5206
1472 8211
1725 7132
1111 7651
2201 6197
7307 4837
3816 4266
7768 633
3985 313
93 4458
4569 3683
5139 7418
4364 57
9243 7357
9530 412
530 6471
5276 4725
4155 1481
2771 2954
2489 7811
8151 457
2191 409
3642 6117
2046 8264
2938 6929
8585 8329
5869 6028
1193 1125
1235 9095
5119 3176
928 6548
4508 3951
2633 3551
1907 2237
7239 8017
3942 6179
903 6925
2714 1824
2626 1785
6476 1856
8957 8565
2552 9352
8849 1449
4164 838
8810 5071
1291 1424
8456 2996
9996 3422
501 1136
6453 1976
7303 5569
1969 1187
2156 1618
9279 4536
7225 5281
2162 5671
8498 4985
1249 2787
2927 5772
6971 1372
6252 3079
5303 6101
8775 8734
2185 8731
660 5174
713 2540
1963 8656
7050 3928
1479 506
6861 6466
3537 4338
6757 2702
8368 9953
9073 6774
3877 5208
426 8496
7300 5234
4592 8715
956 3153
6780 4658
8842 8541
4315 5086
2549 5909
6782 3925
9047 5860
4989 4809
8951 4433
5089 9061
7338 3576
8672 9860
3259 9472
4669 4925
8402 8814
6902 9791
6578 8743
5480 5755
4805 8304
137 5961
2508 8337
6443 8722
4622 40
3916 7844
7944 2681
2180 3099
6888 6923
1311 6616
90 966
1140 7645
5962 2531
2638 4511
5162 8916
5226 4910
7024 1966
4674 4774
8215 1615
453 5263
7267 1163
1687 3554
3292 6644
4087 3400
8380 7696
9384 3162
1072 9834
6174 299
9653 6681
694 7464
2161 4011
9780 8529
4259 2133
6684 7368
6766 9694
5985 5803
8992 1804
9036 847
6351 8160
4621 5297
2207 9551
7974 9631
4227 2979
2094 9165
7075 9894
312 1690
8057 6157
9786 5374
9644 6574
8207 8471
574 4958
2749 9322
6629 4596
8056 6491
2903 3649
4520 9087
3352 4424
569 5860
2440 9158
3055 5311
1321 7422
6642 546
3892 7432
1013 5042
4541 3806
3593 4589
3563 6830
9446 1755
9330 8242
1490 8892
4541 1601
5849 1399
271 2498
1587 9769
3271 974
5274 6031
9081 1668
7901 3725
1430 4277
3413 2012
6041 8183
8465 5185
7635 1769
3408 2832
3240 695
4300 5511
6902 5739
5142 4686
3031 9095
7366 1783
8700 2868
9501 7455
6845 4606
3585 2870
2866 9497
2849 9200
3022 3508
7935 8389
8109 8560
6094 6598
3577 1165
7466 1522
8468 7480
2884 3162
3216 7748
880 6104
2908 877
895 3147
4293 1134
3218 6354
7016 3438
4588 4548
5364 8335
5871 2287
3367 3920
4881 7328
562 8678
7282 984
7077 2614
214 6966
8349 8313
3869 1833
7613 9618
6421 9128
6400 7527
3797 9689
4833 2155
4513 8682
6090 4392
7530 2463
4690 6872
9193 9011
7130 8417
4238 8319
2295 2081
8307 2177
4569 3468
3764 1473
4550 25
1343 8237
6741 6963
2331 4893
4906 2682
8672 7759
4987 34
2233 1962
5082 9375
8865 2837
5649 9619
591 8551
522 3184
2141 1940
199 8851
9531 9155
571 4836
831 1544
8701 9159
8190 3955
103 7264
9993 9069
2544 9266
7457 4988
5000 980
6775 6525
3782 9824
4737 3198
3686 1538
5252 4124
3049 753
1272 8100
1557 8651
536 6774
5431 6645
2118 7008
6044 2508
3536 6970
6987 7564
7941 6021
5463 6204
2696 5356
9731 9852
754 69
3288 3555
1641 1624
6863 8685
8099 6056
3981 1354
5489 5270
5631 1380
8476 9637
1716 8657
2213 1795
3288 5826
1849 1846
2570 6190
24 1814
3838 6869
1468 6474
3131 4931
7121 9338
5041 9840
2993 8961
5442 7741
9671 998
9099 8789
6764 7604
2379 2528
8826 8927
8029 2613
4262 7655
3365 3443
7198 8596
7528 3898
3516 6590
5329 8689
6948 4285
1708 8640
769 3821
6053 5067
7851 4603
758 8047
1440 8207
4383 7902
8905 9449
3414 2559
8953 4142
5432 4053
1004 5693
9784 9356
2996 9031
2999 5426
7179 8085
3207 1225
3555 664
5220 6420
5156 6143
9053 8836
6038 5629
2463 4897
8780 9083
3106 9029
2754 8451
1688 6417
3841 1513
5871 3509
5545 4789
5250 271
2736 7099
3169 5105
6492 3218
3680 1220
7096 1573
5854 3443
5720 198
4665 7953
8783 4926
7039 790
6134 7650
9515 9831
84 7489
9503 373
3336 6399
1683 2141
1065 4268
6797 7995
5667 3786
1961 9544
9250 901
8971 6101
2476 8998
7324 7104
6478 379
5458 7636
79 8707
5905 399
9149 4165
1436 3959
3867 4965
3396 3820
905 4386
1905 5851
9411 7220
7714 7471
9674 959
343 7335
96 9829
6695 6610
7772 8359
4396 4365
1236 995
4257 623
5845 8217
84 2409
782 226
3710 270
9784 6458
7671 2781
3619 4206
639 1196
6720 424
2053 7257
1912 9078
6718 4462
101 3427
3995 4678
1497 3822
4133 5023
2191 7149
472 7818
8598 8660
6161 9249
9938 225
8241 4826
6565 4463
9753 1610
540 6908
2467 4077
3932 432
6633 2588
4735 6585
4882 8228
4152 5003
7395 5744
7527 2225
1213 4316
6178 6995
5811 3406
6147 1425
2702 5766
2148 2889
8827 7942
2322 4366
3798 1896
6624 5682
745 9718
4818 6839
8109 595
5372 8003
8355 305
5399 8275
8120 8322
876 8255
3425 7858
467 2150
9926 9067
263 9020
9767 3572
3242 6176
4075 3549
4003 4513
7992 4072
5175 364
1931 744
893 1108
9616 6279
6937 5530
4081 618
2080 903
728 6075
7047 859
5746 5732
7325 2787
9128 9264
9387 775
396 8865
1939 3810
9883 8756
707 249
2258 8399
7824 3675
8039 6447
7204 9169
5012 2253
8325 6169
6781 5719
5322 7957
5337 5707
4122 1838
8137 9833
7608 6405
9632 2208
2270 6724
1318 412
5318 7728
1540 4317
96 6549
771 6973
4431 3962
8384 9042
8546 1632
6287 1457
7613 5125
1145 7065
3730 727
9455 7389
307 3316
9326 6936
8134 4206
1588 2847
1848 1270
8766 8664
1099 9085
4740 8723
559 610
2194 7170
5733 2170
3298 8152
3231 8652
5735 2693
8780 7520
6965 132
681 6404
464 9625
5698 1891
3495 8539
8023 7242
8911 279
7138 7626
909 4131
6810 6627
1341 9513
6294 7410
1107 9128
4511 448
5536 3948
261 4925
1051 1495
4296 2750
7464 8209
8041 3893
4813 5323
9736 4683
5127 1013
6706 1467
9119 3662
9419 8040
7329 5699
1858 8257
3936 35
6264 8852
6728 8655
7048 478
4631 3337
3345 5321
5969 6287
51 3575
1566 8739
7508 6
9650 4854
8859 3362
7026 8619
4743 7334
3052 8622
4177 2509
2702 6829
8606 9644
1955 1106
5794 4955
2951 3337
7244 869
1790 154
6086 3624
6154 5399
6666 1942
4053 8598
7497 2605
4718 4569
3436 7322
2860 1329
3694 26
5082 6735
4637 1466
8805 2015
9732 8842
5261 5175
9860 9221
9134 5475
7135 6737
7656 3719
6971 9058
6546 9178
1153 6446
9117 4135
7744 3179
278 9551
3460 5533
6129 9499
4078 7399
7914 3685
1270 1864
6930 6348
8725 3155
9756 6783
3985 7848
5935 3109
9331 9973
7841 318
5747 9202
5577 6615
4184 54
3859 6085
7065 7424
7278 2356
7139 8304
9889 3456
5345 6213
1529 4410
2752 1702
5006 1475
9127 3423
3542 9849
6020 9664
8401 7373
9039 3051
6621 6000
8304 1254
6585 3473
4626 3257
5901 9729
9067 435
3751 8585
9989 1912
3141 5261
915 5345
9345 6686
7661 890
9885 3877
4979 9229
613 3092
8009 763
5662 3073
7542 9127
744 8090
3445 2977
7928 7276
2243 5924
3075 2389
8246 1878
3804 477
4735 5953
9381 4138
8801 2696
9026 6480
3728 7686
8817 889
8431 7797
362 3637
994 6504
557 2341
790 2466
2399 9135
4811 2208
3082 9475
4801 7683
482 835
5217 4509
6614 6123
5825 6738
3165 6354
9574 4339
4898 1058
505 6588
1145 8245
9984 9637
8565 9091
4039 8487
441 5962
7242 4361
2332 2584
9949 5512
5493 793
6298 9630
8425 548
9727 9787
5699 6529
9186 9847
1330 6411
323 808
1975 9575
9806 4070
5198 597
4483 3654
5148 7610
4605 1149
484 318
1118 1878
7543 1810
8820 9309
6235 4148
759 4589
2399 6890
4310 1156
4037 7584
2302 2023
4853 9620
7638 7007
1752 6178
8068 7079
8420 7672
5777 5108
3767 5797
505 1545
1480 510
7926 8437
5041 2995
3612 7745
6463 6959
4440 7743
4022 5660
8421 8755
4811 3834
3944 3296
7049 338
1335 2271
6107 7335
5522 2981
2523 2992
7957 4221
3801 962
9443 3391
2098 2992
8620 268
6522 1350
3379 1200
9138 2883
6793 310
7156 4334
1213 2813
4609 8311
6728 5530
929 74
3160 3832
3060 7391
3496 4361
4324 547
7871 6986
1123 7312
7235 8735
1800 7554
3464 4962
8680 3635
9833 6967
2191 7291
8786 7500
1200 8828
503 3659
7089 731
5088 8307
1305 4921
2716 7886
9590 1166
5091 2540
9174 4901
2093 9654
2655 7997
9752 8653
8182 9063
7840 6283
5837 305
545 9320
4832 1157
9055 6524
8785 1967
3595 7830
1352 212
2750 6559
6956 405
9496 1989
4985 4343
336 9825
9892 7628
138 965
2673 1289
631 8387
5475 8763
4133 7133
837 190
2395 4536
7184 3078
2516 3122
2990 3174
8064 4749
5747 5793
4864 8766
5274 3258
7132 1473
6071 4637
4430 2864
8321 1993
1903 7626
8961 8021
4829 3492
6487 1463
2440 7517
6194 5945
5309 2812
8282 8813
6293 8206
4136 1092
2310 5957
602 2612
4283 784
455 8927
6653 6862
826 5457
5878 5318
1303 7475
4186 2196
7125 3261
4616 1521
2330 2987
9201 4346
4641 7556
7395 6026
3200 5346
141 4231
6427 3099
901 5022
4586 3433
5527 7529
1764 3368
6072 8735
2156 773
3824 6139
5566 2469
6238 3304
3611 6836
4721 8546
6740 6140
6218 91
1666 8221
5308 125
1750 1490
2933 5720
5957 3047
7352 8809
3733 2107
1666 2204
5471 834
9242 3052
3025 6545
9047 9612
322 1456
728 446
7209 2751
1684 6591
6455 9022
5455 1460
8399 4470
7045 5116
4743 2799
5400 8156
3459 3030
6266 8032
7757 6936
2215 8493
1275 2625
8203 8240
7621 6097
4938 793
6328 9380
5476 3522
4731 2474
4982 3152
7300 8858
1286 4286
7348 297
7404 2264
8693 69
2360 849
9818 7444
772 8135
267 9289
4303 1383
1573 5570
2880 3061
8903 6548
1184 223
343 9007
4825 6764
274 3877
1578 9655
1343 6715
5490 3148
9376 93
1808 8215
9450 4190
1330 3842
3618 9288
460 1326
6520 5177
5164 3695
4753 4215
3933 3272
9366 8440
3981 6904
5474 1459
9832 7648
8866 3014
6800 2748
3272 7036
1907 8682
9477 2751
8439 9660
936 861
4030 8921
6240 6737
1497 7666
1248 2793
9541 9776
9193 5353
7796 6161
8415 7993
6742 4334
4820 7261
211 5921
6203 1747
3668 3145
5404 1579
1649 5323
7241 6242
458 4762
3197 5372
7450 1310
9457 9415
5680 7285
5194 6172
8599 6543
5188 9431
4943 3417
9765 8785
8308 8901
3013 5604
6241 3850
215 9378
7434 9632
2853 1481
4595 9095
3524 4517
8982 1769
3909 7253
7508 3054
482 4631
9623 5452
5844 8128
757 7202
7770 9123
7632 4641
2313 6053
9825 9458
4090 149
7145 9435
3727 8411
8781 4423
9799 7291
4527 6631
8086 4389
4369 1602
5919 6387
5889 5321
9461 4029
4926 694
7020 9178
9392 503
5281 5129
9662 3421
1941 1176
886 2607
9405 6733
574 135
924 9487
3165 3035
8108 2253
8324 3462
9893 9663
8253 8046
4179 3380
7633 8095
5647 4895
9496 9567
6385 3833
6530 6557
5096 4932
4922 5440
2694 2121
9599 1680
3903 338
4202 7251
5336 5437
9899 2265
750 1442
8376 7894
9368 1628
5756 6938
4077 2446
7984 7419
9542 237
9365 5769
8498 2576
4840 4068
8231 6737
8148 4130
4157 7249
8072 819
3863 1591
3805 7648
7524 1463
7208 5971
5005 2704
8863 3358
6822 9940
1993 6716
5104 9544
4271 2864
3141 1144
9826 1425
2632 2178
7356 9691
2916 9683
7716 3174
2579 3999
6681 5367
649 4816
7272 5595
9969 2329
676 6634
18 9341
9646 7063
9386 2118
9011 7003
2035 4507
6762 9011
1932 203
6967 8122
1876 2126
9005 9125
3668 7278
3583 6518
5315 8827
8469 549
6791 9139
8145 797
6792 1151
6223 1108
1789 5241
9687 6647
9509 6146
5393 8584
6826 3635
4641 9076
8180 6407
4715 3200
1198 9433
3159 2912
8087 5331
2658 6955
7465 2515
2074 5769
2818 3040
3024 452
3676 6581
1678 7096
9552 5013
3911 823
5244 3784
9938 9448
3262 7025
2721 2496
4953 892
9649 1167
3413 3418
2033 7599
6927 2718
7390 8917
9346 3949
1636 1922
4914 1534
721 9772
6023 2339
8185 8423
9240 6892
5959 3041
3252 2797
4573 9715
9001 1786
9238 534
9969 4519
9419 5030
4426 6540
8630 3531
3732 9563
4932 7931
5699 9508
6257 425
8244 5521
1715 8101
5014 5703
1579 4869
3469 5524
6278 1336
6654 6770
1159 3097
5148 2994
3048 1276
9567 1597
419 531
2738 6145
2285 7944
1882 8581
1479 8908
443 7280
8750 4194
9439 39
2554 2155
6626 6619
3603 4315
1038 2463
1278 5940
3723 3201
9119 6482
8766 1273
7809 5058
5427 8175
5292 9540
1248 4594
6761 630
9944 3521
6959 5488
1846 5083
1038 5095
4477 8347
7292 6128
4605 5786
7858 365
3516 9706
8664 2613
6909 4271
1925 7030
1538 799
5786 3929
8388 1161
3731 8358
9079 346
2105 8702
1881 9130
5599 8210
7887 4599
4096 5581
6316 3022
3561 753
2379 7456
3568 7978
3255 9869
1970 5424
7693 2061
8401 250
4305 7595
4643 2359
4132 3458
610 5261
965 1476
1398 612
8544 9691
9198 3971
9519 61
3555 1964
1316 9777
8091 6150
6568 1203
8069 5843
6060 7555
2522 1487
1324 1727
5293 4846
2900 8636
6595 8894
1773 2007
9742 1193
5310 3374
8810 8019
919 1393
8161 7913
2821 5605
6125 1183
3347 8228
506 1755
6271 7744
3099 822
3807 6396
2805 8531
2845 5107
2315 2994
4424 2372
4430 5298
3920 5462
7646 589
4181 1428
9095 4671
8508 4426
3786 3403
8845 3399
1340 392
5999 8828
912 3650
9746 4642
2469 9312
9008 7779
1088 5365
5467 6813
3912 7176
8364 9815
5413 9935
7817 7614
4363 7019
9771 1340
2548 3429
7540 6907
9921 2934
8265 2843
7671 8108
9860 5836
8730 5262
7300 7916
6284 4873
2892 7493
5159 640
3544 3238
2900 7654
5440 186
274 9143
9123 7619
8297 5048
3702 2451
9810 2192
4117 176
6603 9110
4171 2688
7537 3865
5251 7247
7916 8437
6837 2960
5137 3720
6821 6677
5301 6110
5973 5427
2825 6829
1171 2395
3677 7653
2773 2622
8982 2992
8036 8439
7122 1461
5346 5052
692 6059
7846 4307
620 1085
21 8903
4433 6978
4047 1316
4624 8862
7036 8977
284 9685
4511 2756
3553 9325
3497 4467
7795 4985
6991 849
6065 6988
3058 2928
6558 208
2578 1730
3227 2951
5955 1117
4932 1361
6369 7709
7309 8638
1100 8298
7005 1605
6240 166
6674 8010
882 637
5132 8915
1588 6273
5828 3677
5683 5437
4997 8704
240 9332
2766 3689
8533 2417
7756 3645
2412 1594
7156 9894
4165 286
8501 7564
1715 4272
8421 9899
64 4763
1574 5739
6280 1513
370 4228
7109 2540
3406 6306
4432 3316
2215 2971
898 9939
8773 6756
8586 2820
3605 6896
800 2002
8929 9223
4929 8418
9301 9967
7589 9833
1700 8325
6801 6611
4442 2193
3548 7663
4813 6440
982 6053
6096 3525
9025 4269
532 6220
4890 3151
1526 3610
5713 6975
9218 1308
5897 1502
4475 7505
9847 1907
1538 1256
517 6870
4647 3184
3175 2190
2939 1891
5097 3598
8029 5873
1151 970
4813 6178
4852 7092
4565 840
3551 5466
9205 6392
8669 251
1417 6804
4526 9652
3328 6178
3575 7628
4615 5761
8468 6445
2388 7268
6917 1933
5888 1357
7031 7351
8979 7239
6045 5830
7221 3653
1385 5678
749 1301
2666 6543
5608 213
7151 6698
8865 9857
7537 496
48 9936
6717 3617
9085 236
7718 6265
6842 3738
4613 2306
6011 3086
5153 7587
1778 1363
2396 3032
6448 5897
8767 9161
2385 3168
3131 1297
7796 6772
229 6511
962 1060
1137 4205
570 4775
518 34
8755 9415
3126 7083
7628 9115
1486 9101
6938 6669
4326 8372
5519 2512
9678 8737
3286 7335
1051 9221
6308 2434
8933 8578
7019 4931
8723 1296
7792 7478
3822 4826
961 4784
1191 9105
7616 9338
1931 665
8008 5303
9322 9602
2540 1662
9372 2501
3573 4194
347 6995
1438 4510
5227 200
3996 5119
5722 9713
5353 6618
935 9707
3308 2885
2306 8202
2430 4309
7107 78
2496 6498
4309 7932
8225 8336
6131 4689
9555 128
1232 2897
4797 1475
8561 9665
6301 7817
1891 1853
3863 2372
260 208
1179 6628
2377 8335
5227 8951
3989 3108
9003 2783
3657 7552
7838 8008
8727 3517
4047 3066
4074 9207
5463 9059
5848 6107
8112 4597
1181 3127
2584 7664
7140 5829
6356 3727
8424 3281
8039 1325
7786 3306
8672 1198
8224 1088
1321 5686
4665 8147
1368 486
1624 6903
9777 7396
3444 957
1761 5659
1248 3208
7812 3350
5645 7328
8775 856
6080 7749
3752 7326
19 3526
7830 5864
3459 2322
7758 7376
5464 711
3493 448
6079 3427
8891 3368
480 6870
9840 6072
3890 5187
8657 7846
8547 6865
3789 5428
7679 4435
2822 273
9958 43
2990 7158
1646 8222
5619 4657
8626 7061
5325 4585
9335 519
6462 7614
7404 3163
9428 1357
8959 3735
3749 5355
1483 2944
3561 7237
4718 9303
9813 7239
1187 6857
4681 3673
2105 3025
3680 169
259 3444
849 3487
4662 6971
1857 4332
3880 3853
9675 9916
3442 1603
1079 9359
9512 6305
4668 3543
5584 6713
6440 2012
701 9555
9926 4604
3368 8649
1478 6741
8099 4183
6280 5976
8871 9231
5059 8061
6724 2863
5641 2623
6581 2860
8127 5519
2003 3088
2020 3091
6661 2898
9172 4001
5040 7999
5824 225
5217 7335
7083 4112
1977 5419
4795 9027
6143 8772
511 5267
3248 1890
4021 9530
582 3561
9391 5634
8194 8263
1095 6926
6625 4249
9992 4459
2136 1607
98 5792
7977 8674
1154 6895
385 375
2640 7054
7753 9303
1861 79
2561 9316
6474 1294
683 1377
2165 9157
6920 1460
8670 3932
868 7610
7010 3698
5267 9386
2650 3253
2093 7108
9031 9845
749 7797
4590 9594
8038 9331
1676 5711
3124 5220
7823 3746
5583 355
7119 1507
2746 2861
485 6003
7819 6461
147 2982
4488 3105
15 7599
5482 4002
4046 435
4626 3582
3656 685
7083 1311
7185 1016
7657 6156
4073 6556
3039 9519
2211 1419
3018 8899
11 1504
4040 3343
845 1998
215 4303
2995 8114
7008 9706
2346 2485
4889 126
6218 3772
3628 1552
3441 6909
2197 4955
4423 8116
9139 6473
8655 5485
3329 9629
517 2698
5214 7995
156 2444
6067 5229
7967 1548
2525 6312
2353 6415
5283 5823
3192 1551
4452 6780
50 6117
1889 2520
3524 8576
3584 185
8443 8864
663 9619
3231 8382
6574 9066
3569 684
4053 6742
5406 5884
8740 9729
9537 1047
1775 2670
1996 7455
3875 8454
2367 8836
568 7504
6082 9002
6439 8546
6864 4594
780 4978
7778 9970
9615 3055
3859 5579
6844 8582
2007 7344
9245 3738
9927 7241
6654 9389
1034 1975
1791 7463
556 443
1471 9515
4932 3719
5294 3706
1481 8837
9245 2514
8454 3025
500 4078
7198 1217
7382 1615
1752 2741
1641 3727
1561 7003
5882 5115
9490 8215
4002 8941
3791 7488
3528 7869
1271 9435
9944 3833
6900 2502
6837 1520
4390 4637
1003 7688
2923 7740
7933 8921
2521 594
716 9446
6403 5996
6669 5303
849 1127
6737 8072
4994 8101
4592 9589
2703 8218
1685 7734
6437 5986
8892 2922
9301 8381
1825 7387
9306 731
3107 3615
3700 1716
9909 8038
548 6846
2961 7984
1975 9673
7949 8625
4328 8004
6651 9939
2788 5420
1458 9876
5583 5963
5513 9987
1195 7428
6978 9218
5622 5905
6053 4179
4370 963
3397 9408
3250 2987
1729 350
4131 6068
8785 4362
1160 1417
8177 7113
2614 9087
5140 5763
755 8492
6108 9752
9520 6466
2567 6489
848 7796
9915 6019
4976 9002
9071 8895
9002 5013
2769 8244
4710 3234
2628 7989
2322 7852
275 5499
1586 2041
148 6503
6864 704
3137 8807
5252 5639
6132 909
8934 490
6829 948
9778 1351
2711 6392
1950 1783
1189 1191
9281 9847
9919 1057
6783 2880
1739 7001
489 9266
3005 5657
9439 7239
602 5384
8333 8744
1743 3728
1672 913
2663 9431
6196 3635
1828 2673
4340 7237
7641 5179
998 5326
4909 3548
929 9425
5897 7352
84 6072
5045 4868
3359 7153
3387 820
5831 1224
84 6208
3633 8160
604 7215
388 6839
8213 2445
2273 5001
7743 5395
3475 3741
7929 4060
783 2606
9398 1988
9659 4782
3784 1376
6687 9499
155 1643
9778 5148
6420 9559
1634 9669
4822 137
2948 8453
9910 7959
4074 5249
3516 4644
320 1671
2314 7471
6921 8310
8455 3933
9291 1741
6880 5270
8161 1306
7819 2130
2821 893
6655 6811
787 928
9180 8194
3010 7064
2707 8003
7992 4454
6367 4548
9675 3185
6826 2293
5869 5671
8583 342
8308 1918
5193 1900
4994 4081
4698 5271
9273 4065
3936 3538
8007 9696
5316 7960
1465 4890
4023 8812
7641 4994
3962 1983
2386 5550
2313 8767
4236 5355
1867 1345
7839 6009
1381 8646
1289 4218
8581 2008
6482 7599
7373 2779
1832 1537
8903 6258
3969 4620
1546 2579
1179 5483
2638 3817
5485 4410
6546 5887
8655 9824
1150 7695
4908 2163
3705 8583
5591 9455
9143 2197
5695 8233
8351 9759
5215 4830
4343 4958
4309 5425
4760 7374
3502 322
4673 2203
3355 9213
1682 7674
84 9943
4435 1608
9169 5712
8775 9354
7877 4784
4531 3609
3118 2684
5340 6091
1286 4493
7351 2511
8080 8385
5045 9581
9257 514
5524 2470
6641 4079
1028 3948
2358 5228
6652 7854
9029 2819
536 4173
7527 2608
7736 584
6126 9603
8493 5891
1195 8406
7648 5965
1078 6309
372 9903
4023 2476
7750 4275
8381 8245
1173 6376
164 5462
2414 9230
5369 1567
9114 29
3049 8531
8282 8874
4142 3305
2819 7171
6093 9035
5109 7735
800 7826
2297 1856
6951 1411
1755 5414
5411 8165
6256 9093
1745 883
2651 6541
3259 2993
588 326
1925 310
9509 5211
6500 5763
8205 444
7225 1040
9742 8122
7592 9179
7043 3930
5163 5346
7422 3948
4953 704
5017 4876
9876 1073
7018 5163
8914 9012
4152 8166
461 3732
3711 4281
2679 9923
4843 8903
3875 7671
7596 7871
9974 209
4355 1434
7897 1891
3256 8548
8679 3642
2893 7683
514 5177
8570 8438
7451 1092
4791 5500
7917 5596
4970 3211
3607 6754
6212 1895
4323 5602
2742 8328
3650 3671
9296 5034
6153 6121
9481 4523
3727 1385
2521 7998
6805 1751
7811 8292
778 6744
6033 9586
1703 8167
4814 9104
8302 2322
6124 271
7923 970
6878 7975
5308 3044
4336 2275
4541 883
9224 4568
2496 1741
7235 5126
6780 4291
7719 9174
7504 9149
9548 834
9982 7308
7268 4933
1606 2074
2830 3797
702 6177
6950 4701
5815 6633
7941 8849
2155 5352
2239 7292
5246 8934
9687 1666
5329 3217
8891 8232
4854 469
7268 3868
4148 4963
2189 6106
5722 4811
9114 9363
9613 3742
2100 387
3818 1469
1119 4014
3940 7951
414 5930
5978 7848
9588 6637
8901 2583
8815 1451
6235 737
8476 3095
4483 804
4836 980
6543 789
8941 3138
890 9053
7746 6937
6668 6268
4867 5428
2205 4556
1907 4375
2432 7011
9582 7638
4006 5125
8564 5148
7028 4135
1956 8147
4664 9870
9237 3283
494 4491
3976 8821
1263 3753
914 8355
873 115
7929 7262
8707 3916
7618 7397
6497 5533
8802 4313
278 4562
9619 4276
2052 8671
6445 6067
1098 5569
4563 4323
6058 4563
9899 4988
9440 3841
2040 2009
2024 7806
3919 5015
1573 6761
5566 7045
4541 1546
823 809
5099 1627
6048 600
111 7065
7096 2341
7203 9149
3168 9452
4740 2857
9972 2887
860 5192
6819 3756
5331 6984
5859 2365
1305 9083
5749 3655
4570 7162
7317 8944
4322 4850
7903 2617
9166 6096
1589 8972
9513 6150
1421 7995
4091 30
8036 3566
3813 2446
9627 1877
3075 9803
6811 1178
4829 932
1112 2645
7349 7737
2378 1242
7970 9129
141 2963
4221 5793
2885 2897
5513 7192
7956 6522
8347 5551
4266 6416
1207 5242
7096 1764
5899 7111
9411 8847
1819 2565
6024 3106
149 2914
9114 204
7025 7282
4262 1770
2581 9586
3946 8261
9398 8710
369 6619
9702 6639
7721 8977
3038 3155
5641 4750
4494 9000
6934 4913
6319 8326
6257 5276
1994 7828
1297 7222
3187 6436
5368 4623
8027 539
8970 3222
8018 7046
4244 8088
3487 8516
7328 3740
2111 2283
7851 1051
6660 1937
439 9168
512 1034
9333 2949
6850 8161
4073 9426
7146 2085
7121 6914
8816 3017
9476 527
9533 1543
8546 1959
501 2812
2186 6400
8342 9128
775 3837
6296 4435
9868 2941
4806 8806
6089 8238
4246 4485
682 7141
1182 3761
781 7624
1647 293
1753 9920
4996 7826
5980 4884
5347 1335
4941 6999
5444 8500
5883 2317
425 9414
8176 7536
2872 1606
5421 9273
9183 4639
2386 3962
7173 5456
7856 5151
6943 4310
3805 1956
4380 2745
8245 4631
3923 8771
4059 5419
5993 5480
5352 8454
4058 6124
7244 871
5778 2101
4156 456
3283 2726
6141 5033
2172 8668
8142 8921
8419 6848
2278 1177
6496 1687
7406 7997
2143 9636
1070 9417
1310 9168
486 3382
4474 679
2599 8092
8858 858
7985 7600
1370 239
8141 8018
2604 9710
1927 1387
7842 9022
9222 1207
4734 2372
7773 3071
8786 2254
6173 5655
5183 953
4612 2656
2323 491
4705 7362
3973 8017
3837 9294
9955 4357
4870 2162
5550 1893
7336 4232
7621 2500
9566 1680
5650 9716
2266 2454
7008 2501
1293 6890
9259 4936
2001 7897
1215 7766
7657 2525
8922 2114
2744 7957
1338 6412
3639 5966
1096 8861
3825 4185
3922 148
494 8320
986 7581
4080 7331
6235 5661
7228 652
4403 3700
5757 9920
4866 7851
308 3881
5526 4938
420 7440
5146 8604
8524 5824
5623 6224
4404 8135
2629 1946
310 5397
9710 6692
8069 8182
858 9797
4598 9458
9275 1008
7104 8659
9351 9478
3914 468
2920 772
8696 5552
7689 5019
5054 3854
4245 9154
5280 5052
9368 6385
3424 1474
1564 1163
6767 8528
4625 179
4551 867
791 5894
8961 1904
2730 7996
9560 2148
9674 372
2667 4734
4810 8001
565 8526
7282 7712
1055 2297
4827 6701
1420 8888
2468 6092
3674 3557
7332 5251
6201 279
9675 2992
2985 4810
1103 6041
8663 9728
518 5149
5218 6045
2090 2890
6338 5251
4980 6090
7154 305
1128 5779
7887 9792
7775 8225
625 976
6304 8613
5676 3842
2853 1844
4612 6063
4451 1276
8947 6389
9163 1281
469 4755
4033 1632
9998 5746
3177 5023
1711 9828
5125 6449
2870 311
3297 5079
8274 1534
7630 6290
2162 4617
9993 8324
2874 9992
2369 8645
3450 7289
9567 6889
3443 9589
182 5933
8124 6304
2743 3194
3264 6621
305 5148
7896 1759
7206 6744
9563 8886
506 2425
1707 4351
6168 2495
8207 5278
4151 1385
5844 1393
3208 3729
6434 3980
6120 904
6239 4685
2954 3838
7175 731
5942 6855
1551 9260
5432 7831
5204 5260
9908 3628
4212 5959
3735 3116
4156 8437
3291 2839
7190 8277
2594 8853
4708 2360
4764 6281
3822 9208
9617 3636
672 6425
1829 8192
5850 2090
61 5836
3825 1433
3458 3850
5988 4
5265 3160
3790 4731
2268 76
2613 6714
4093 2100
1942 6213
1672 3320
5518 6979
5272 5684
4255 4580
7314 4770
5777 9748
3004 6407
5323 7035
5179 3875
4359 4325
3995 7920
447 7654
5553 1436
3959 8998
7819 3212
8903 7075
3158 9077
1671 5471
6323 1909
566 2299
3078 9048
9283 3385
6597 6048
6643 8972
8660 395
5887 9927
9054 417
2771 3521
6757 6653
5792 2694
8186 8063
9083 1109
9167 873
1172 605
105 4073
9270 8079
5484 1171
4873 8037
9631 1616
7267 1002
6757 2874
1643 406
2331 7725
1631 6844
7761 8348
3227 3294
1590 3982
5715 8874
372 5347
2932 6248
169 1070
5435 6771
8741 3389
1639 3594
2310 7873
8874 8988
7113 1956
5417 9625
4392 9960
7425 9224
5425 947
8047 5381
2195 5620
7709 2239
6646 6439
834 5360
9815 9338
4131 9941
1410 4834
5437 7752
6621 9883
7512 5708
928 8642
9958 1823
4936 9275
7021 8394
7251 9056
2699 3954
5982 1927
732 6821
4061 4423
3616 5451
9617 9585
1808 4031
3189 9129
7820 3947
9305 1566
8493 4605
317 6439
9187 4243
2532 972
7859 2888
506 5585
208 7498
4653 7102
1908 3488
4955 662
5211 9426
6138 9630
7620 4641
4155 5613
736 1884
4674 5164
5636 1004
2978 3804
9164 7202
5524 1268
8675 9245
1721 4877
7105 5018
9086 7968
8651 4880
3028 3642
3763 1043
2022 8097
6998 180
2288 1522
6002 1503
6551 9005
2979 1464
5942 519
1083 9626
1963 3048
7105 5882
707 237
1447 58
8042 4519
2960 2454
1691 9325
2754 4063
4482 5827
2261 1794
5056 9048
5383 8269
9227 3689
420 5178
7001 5822
2661 8399
858 3890
2516 6222
7664 4283
1764 7143
6976 8875
9396 3422
9686 4692
5252 8957
2164 2278
7900 3107
1616 6846
9405 3018
3859 1197
1512 8018
5810 4273
9107 2582
942 9025
5494 1491
1431 5507
4863 8122
9768 3409
3109 632
38 9792
4795 2668
2324 2985
1711 5397
8851 2143
2901 1085
3360 9300
7914 8614
7765 315
7942 5399
4666 740
4043 447
37 1898
2562 2157
1227 7630
3815 4835
9802 7815
1832 2626
7029 6124
436 9234
3418 3535
8660 14
2051 9584
2894 7926
5080 6495
3856 744
7179 1165
1858 2470
886 3504
2283 9580
6208 7296
8771 3624
5742 3520
2361 2804
4826 4607
7120 6526
5170 4612
1882 7573
2287 3412
8294 3915
1716 3141
401 8962
558 1175
1039 2808
1705 9078
817 5237
4809 2373
5603 1034
5669 9437
6489 105
8368 4783
7649 7945
349 7754
9833 9475
4635 3333
6947 8243
5108 8759
9736 3195
7030 4532
8994 1020
7604 4469
6187 9469
7611 1529
6572 5142
976 2255
4002 1331
407 9567
2572 6108
698 110
5201 8042
9096 3844
4433 3989
2908 4213
858 4005
9636 7191
3620 1416
5557 1608
2316 9711
9210 8338
4107 7829
7639 4759
8754 3449
5273 2710
2197 6348
4779 4582
5336 4382
3498 5479
2772 2889
61 8788
6823 6726
3573 6280
8999 2793
9777 4804
9142 2007
2377 3256
1497 1749
7253 5203
2950 9544
6019 724
4309 7434
9670 7392
5091 5385
1732 9883
7394 4837
3803 6916
9529 2081
2989 5624
9957 6733
7145 4820
8904 5731
4431 4022
6494 1586
2659 946
2788 1800
3167 7790
7406 6406
9671 6356
6567 3757
7290 134
3213 1180
8567 9407
8003 5555
8614 1233
7010 3972
3541 796
2929 3039
1612 2958
556 105
1101 4850
3236 4821
4780 9473
6699 8128
8525 462
5447 3546
8015 1579
6818 9289
110 3949
3130 2399
5635 8623
2129 8563
3442 9778
2803 6624
2509 4310
4530 7935
583 1096
5847 1298
6149 9911
7681 7338
3680 9665
3005 8415
7887 9618
8978 714
3153 4059
3419 3613
3079 499
3500 4775
8659 358
5631 8891
6377 9216
3846 1331
6281 2369
6622 7212
612 8857
3707 8018
9932 3733
9373 860
2205 9969
3373 5111
7530 9063
4633 9182
8911 62
8986 1507
6637 3642
4533 8083
7919 6898
2988 8442
5484 662
2169 6913
7569 2128
6179 4391
6299 3239
4861 2851
8996 5405
550 4714
657 8691
1376 9988
4007 7959
7417 2595
2606 7724
7851 6246
2382 4796
5067 3297
8871 1012
1543 9366
5304 617
6697 393
6587 3436
9397 3524
3749 7279
2247 1727
5116 1744
7381 1627
5376 8207
3141 8475
1567 664
8273 1594
7844 3025
5274 8139
163 7507
3921 242
8626 5457
5940 1582
3424 635
1983 2585
4339 7689
714 6596
9041 6690
8335 961
6909 9120
226 6946
5336 8801
5536 916
4769 3829
4635 7968
629 962
5245 6140
5558 6609
6944 6618
4742 9519
6444 5996
1548 3892
2676 1813
7935 3228
7620 262
9920 625
9264 1132
6791 3124
4311 8585
9207 6465
9092 4893
9516 2851
8664 1958
4440 5302
7964 2434
6185 6577
1502 8653
7868 6435
4098 9423
9941 9092
7251 8398
4696 4664
5841 3493
3920 487
2649 8790
1935 1770
319 8554
7551 8777
4417 462
7894 2719
8933 303
1216 9880
5604 8441
9611 3506
8308 7049
6565 9506
2183 3708
7250 553
860 7476
6842 8278
8417 3970
9957 1407
7883 5938
4242 9651
5462 6443
7878 6072
3138 3218
5619 5250
321 290
7365 150
695 9910
7619 1697
694 5789
5155 8740
7474 2099
2353 242
8631 8147
7413 3361
6213 714
6867 1576
3709 7547
8289 8505
4145 8294
6986 9534
370 5379
9748 8456
6878 3570
7643 2781
5566 5061
3849 2409
2271 5211
7667 7767
5248 9669
4960 7735
4520 4406
7789 3411
5834 4091
7581 2745
4242 9854
3918 7406
7199 6772
8576 5042
9699 4601
6533 6685
1271 6375
7221 6438
4445 8108
3096 2823
6361 3118
9063 2530
8170 7872
5200 8620
4154 2446
3900 7150
975 8220
2349 6595
4556 6190
2456 5439
8347 6098
7856 9107
1623 7458
8398 5004
8705 5477
361 3578
7818 1347
2300 7404
3016 3963
1664 3057
1501 3438
1777 6210
2304 4856
678 3012
122 2090
4306 9880
2175 4350
9079 2398
6799 8521
1679 7507
1896 6270
2699 5061
4912 4017
936 901
2064 1317
115 4020
4884 544
9900 8282
10000 2318
9505 7634
4395 5610
2986 3887
7477 5842
1107 1785
1182 1579
1704 728
8452 8858
5489 9054
6399 8263
9136 7307
7872 98
298 9391
2403 1723
7487 9560
1851 3218
2564 4283
8186 1505
8714 1965
703 4528
5843 1290
585 7984
6778 2237
2931 5303
2629 9551
6502 6725
6321 890
4302 5592
6502 6764
5355 9544
5541 2247
5030 5116
7201 1617
3826 7148
4505 9251
7860 1862
5363 3010
2039 8414
8406 2598
4252 260
7928 5580
512 1378
5222 3205
4252 3150
145 7838
9388 53
5567 8344
8433 3776
7193 7133
4795 3920
8557 6072
6140 7471
444 5292
2617 9316
2267 4009
9118 8223
4419 2587
667 4367
5618 9033
2182 278
7009 8791
4449 2046
4550 6667
7558 9520
9463 5620
1232 5000
3352 9522
1354 812
8674 2872
5933 5813
9788 8254
3504 6239
6905 5826
9936 5707
2942 2149
1910 3944
4610 3981
9928 6935
5990 4574
1054 8300
355 6898
3558 1204
1720 8080
9952 498
4996 3721
3350 9004
2680 3672
3595 2612
4513 536
6322 819
8663 274
629 6604
4112 1504
8290 522
4071 969
6399 6665
9234 4654
635 8044
4206 4364
3432 9307
8134 3652
1313 2393
7378 3583
4778 2697
7869 8172
9724 1823
5056 4164
6973 225
8278 2226
6793 9820
4925 37
7914 9903
3318 129
2446 2324
1180 5119
2009 3232
851 1597
5822 1687
3755 2676
929 5949
9673 2412
3124 3115
917 8180
154 69
751 8917
612 8831
9032 4722
4251 1119
268 3536
3350 219
1785 1693
2139 2031
5257 7591
1489 7219
4727 6924
5651 7750
3979 7671
2571 3247
568 222
2004 9126
7409 7356
5131 7283
9842 1819
4898 3684
5478 9542
3041 9195
2609 676
568 4425
5038 9955
9417 1788
44 2094
1990 5190
8536 8243
1748 635
5386 880
3761 6121
6840 8661
8237 5123
1745 6140
5363 6886
1039 1292
289 3389
7065 4587
6787 1013
4154 6394
5556 8658
6552 1388
2149 6005
7388 7531
3001 4472
8610 9977
2437 440
3201 9257
8384 6284
7579 2262
8536 4722
6421 641
5858 1710
1916 4638
1875 9542
1796 2420
6567 5123
9876 9039
8992 3306
5371 5857
5759 9752
4490 4741
4484 1886
8945 5421
860 5216
204 556
6908 9858
2091 3274
5021 544
7516 2424
1159 7673
3197 2769
1786 7590
8499 7983
8844 1266
3841 7175
8633 9834
1439 9016
8015 2009
402 9346
6104 1524
4839 4264
4502 8992
5541 9512
4914 5148
7 6817
3793 7524
5040 8933
3273 4031
1049 5668
192 8568
7565 9616
9870 9115
7387 7091
6268 3633
7659 5292
3405 2786
8425 5412
7675 4278
7538 1534
7287 7630
2860 4801
4776 2811
742 5014
967 7592
8559 8114
2315 3891
4450 5882
5695 5572
4803 9315
8537 5593
7537 9919
2462 6426
7861 3820
8487 6444
8719 7237
5365 4482
3825 3425
4591 419
5739 1880
2054 2834
3881 4122
2083 688
1255 3124
218 1221
8308 6994
573 3810
1075 822
8270 3653
1068 2210
8839 4080
760 3286
8674 5062
6469 872
1831 5922
2900 5824
8320 7235
6334 8966
579 564
4548 1283
4544 1961
8429 6153
8244 7296
6584 7000
8463 1200
5181 6871
4751 3991
5328 9047
9458 6277
9637 4518
4990 3133
3751 3321
3155 7519
8307 2006
817 5226
9617 2098
155 8951
9364 2513
7818 2439
9264 2889
3794 3895
6213 6378
8860 6345
192 1868
6296 3051
1470 1843
9068 9398
5614 2785
9142 1902
2134 3227
7670 4663
9342 2837
7519 5992
5781 8506
720 4660
5490 6954
8953 2473
9472 2904
5346 5223
3539 6127
8620 281
725 1866
6880 2888
3898 5878
6629 4842
5907 3776
1625 1592
7503 6618
6989 8207
4205 1716
2861 3949
5012 1588
5601 2049
2803 311
7178 4362
6969 6765
6548 3228
6818 8366
8182 9298
9503 4124
5094 2340
9790 534
5164 6420
9342 5558
2924 2597
8019 4665
6461 3098
3021 1887
2196 937
4206 9766
3491 4547
6893 4805
5829 6363
8882 5104
3348 7675
4966 4733
4652 7897
6767 7993
9410 1464
810 1777
7914 7725
9342 383
6188 42
2916 9794
667 8914
566 586
5468 9201
3242 912
3856 8557
925 6614
2060 5304
9892 2134
7060 2429
7970 7758
765 2196
6211 9765
9366 4017
8712 8004
2822 3738
5274 5960
6460 5149
9633 2864
2323 557
6565 1076
5799 6767
7941 9145
1194 9752
7820 4551
8509 4180
7949 1866
9942 2587
2995 107
8919 1955
3450 6374
8010 2041
9326 4867
27 4266
510 312
2103 3315
3006 6541
128 3228
5702 8147
8240 9908
2530 2112
1008 135
2990 5838
3016 9980
340 1120
6253 5589
488 8052
2150 2366
7592 706
876 6417
7353 1480
9797 9711
210 7366
6146 3766
7831 6880
7277 9579
2853 8951
8456 9235
1217 5158
531 6596
5020 2030
7386 200
6396 3582
3486 2239
4993 5517
4020 5131
7560 4633
2021 2511
9446 6816
8973 7152
3395 6840
6262 2716
4154 630
1850 4151
844 3788
4119 5770
4670 7395
5239 6943
2317 8843
9790 1922
1856 8049
2843 4027
6397 2066
3933 4715
9732 8897
8887 206
7651 6343
3137 2650
1836 312
9967 7990
4951 6689
6017 4311
1121 7185
1812 8146
986 9427
6094 7653
2295 4638
8248 8018
1475 5330
5227 6617
702 7712
4800 3969
5530 9859
2350 6354
4712 167
3034 6204
4219 8119
4395 2340
1621 223
9807 4972
8912 728
3915 259
481 3456
3140 6384
9582 8552
4332 7476
8617 5867
5624 1373
9125 8651
2555 7893
4649 3584
5935 5143
7974 9494
3551 251
4022 2884
2311 3155
6319 4308
1594 6926
4714 8705
3845 595
5267 2887
8056 1714
2271 4569
5073 645
1280 8182
9130 642
4454 1066
9390 169
3695 2357
1916 8995
8891 6196
5515 1967
2773 3543
4092 7951
588 1169
221 9003
5210 6143
904 8035
793 3218
995 335
8235 2782
5011 8821
9797 1379
2187 3670
6934 2621
135 5118
3988 1038
4996 9862
2298 7149
8462 3310
3974 2930
2868 6584
7289 3539
7254 438
8574 8950
6578 6420
4412 9404
5707 4005
4093 8719
5610 7096
3644 7143
2476 7964
6260 6823
2701 2571
8944 7945
4052 4963
6000 5024
1294 9317
5176 4223
1168 739
9410 8611
9837 5438
2096 6262
1967 4781
1826 8925
7149 6128
9638 951
7208 8427
6353 7523
5877 5786
3864 2829
346 9253
3696 7742
3417 8084
7973 2491
625 7283
515 688
5085 4162
4763 3176
1763 8051
7346 4869
2887 7274
4196 1993
3712 1637
6664 2701
6885 8009
3624 9729
5173 3109
1906 7863
5973 7048
4599 13
7539 2797
2775 2955
8244 4168
8824 9238
7325 5319
1483 5590
7595 3772
1480 7056
8293 3635
7234 3233
7194 769
7075 7520
2788 5265
2604 6875
5283 698
4557 734
5972 6228
305 3754
42 9392
8822 6383
9105 3696
6511 7561
1085 8311
5962 9126
3619 9044
901 160
4582 9733
4605 1370
2716 1477
7401 779
9095 2708
9184 7268
7844 5328
6199 5906
9868 4417
7508 1229
6898 7628
5498 5958
1178 1141
2079 9201
8103 209
1605 8363
1561 7830
1939 4805
7822 5622
3206 2334
4039 6277
1891 2299
3410 1849
2201 2002
4073 5943
7801 3519
9303 6811
7031 1129
9907 385
9104 6230
7063 3602
5957 9981
4889 8525
6914 6958
230 2191
8940 6895
9481 9891
2647 3848
705 8574
4138 4524
1777 3601
1088 3524
8418 352
4306 3974
8794 8238
9967 7789
568 6548
3887 7699
8603 3925
3151 5865
595 9475
8556 1059
555 7936
8113 5321
2879 3340
5599 1064
9374 5711
2646 869
2866 6951
1009 6873
1223 1023
9425 9828
7466 1083
3163 5084
1079 6542
7520 8374
8470 8637
8493 720
7098 1216
876 1724
8496 1512
4046 1610
3128 6076
6951 1292
1320 8169
6882 8031
8092 9505
9477 6391
651 1424
6585 5615
1257 7156
474 8962
3837 2644
13 8801
6581 5274
1644 9830
9070 3682
5313 816
476 3334
2028 680
2700 8377
1673 6654
6582 9791
1702 7456
1095 8161
1288 9164
7407 6203
8849 8822
779 9783
5792 1378
8077 7703
4729 9591
5976 5158
8603 4517
7584 6477
3355 4870
2383 5276
7159 3403
3557 695
6383 1563
4553 8145
3266 2890
7570 6468
5261 6071
9431 7907
8297 4812
8774 9248
5607 4832
3033 7587
9617 2691
2886 333
4817 5336
140 6183
1943 7184
9881 384
2003 4227
5793 9299
708 8229
6256 8607
2969 8025
4396 7414
810 3659
6915 8920
2583 7495
4359 5396
552 5009
1250 6579
3472 7344
2673 3744
1228 4797
1847 8774
9550 5132
9385 449
9154 8103
5111 2516
1413 6385
2142 1353
8739 6420
35 2209
9291 881
7438 2578
3224 7465
4706 1776
5275 739
3835 4944
8079 4883
2381 9368
2825 3409
2397 6270
914 3933
9827 9885
5902 8434
7138 193
5802 7710
5715 2544
5376 8866
2373 2936
7867 5928
4341 9992
3545 5544
3297 4123
7942 2099
6022 9138
3973 3487
2935 8286
5699 9055
9978 6152
8500 8003
8592 9529
7576 6944
4226 9711
5298 7211
2741 7209
6018 570
5594 2849
6275 3997
8792 3245
4094 380
5102 1192
3112 9456
92 3365
7721 6200
4924 4596
4410 2122
160 4177
1292 992
9577 706
2211 8759
361 4873
1879 2794
3336 1505
9790 1475
1446 6616
4684 3060
2038 324
4635 1804
5685 7274
9730 3902
4966 7555
7283 5319
5766 1414
3600 7243
3082 2514
5879 3379
2523 3482
7863 6664
4047 5243
5324 1058
7768 8481
737 266
4139 372
9919 2530
3007 7599
6323 8140
1323 3444
7090 3295
2350 6867
8594 1793
4356 6414
5437 1090
4753 8390
6462 6975
8820 305
3325 520
594 8653
6991 2902
7476 2574
4054 6188
6213 113
6671 2487
9451 6486
9593 2299
7185 3128
1294 2487
9505 3029
9491 9897
5751 4182
1259 8376
2067 6041
4103 6408
6901 7444
2455 378
9238 3239
7325 7407
6327 6585
4367 7537
7130 3788
7320 2725
4783 7699
1148 6412
5943 2355
2712 7153
529 4502
609 6083
412 7017
5674 6874
8304 8214
9898 9448
1486 3013
3961 2887
8882 4065
8595 6238
8258 653
554 9855
5044 2499
2239 4788
5221 9648
3400 1455
6183 4763
631 5794
1031 952
6410 4977
1261 7802
2016 590
4091 3583
7803 354
410 9627
8955 4293
5192 4517
7692 1372
9442 6133
3137 6866
1064 5967
7328 1366
4935 9805
1885 5696
9875 324
4496 4002
3021 5798
9107 1133
7772 2357
7033 7928
4028 1847
943 7220
1755 608
2580 309
3067 7686
4926 8375
4344 4734
966 616
9162 3989
1168 5421
9584 6581
7779 640
9999 310
4327 374
1586 5515
3973 8076
1078 8900
7300 2809
8565 9635
1937 6263
2944 6650
5682 6138
1936 438
7638 4939
7678 5199
2517 8263
8100 1603
2700 5992
909 9749
5019 4074
2439 1735
9730 9508
654 5781
7036 9755
1985 3478
5110 601
5958 1929
2911 9041
6949 88
759 7286
2826 9551
5865 1126
5170 9974
1224 4909
298 9024
7812 1670
2129 6321
6969 4858
2743 8280
2591 5296
3320 5840
3816 1359
3379 509
91 7971
1791 5421
7448 6689
8706 7708
5804 9264
3651 8869
4444 5423
5334 5753
875 8612
1021 2610
8913 6827
3448 7442
6304 3672
8329 2480
1374 9771
3680 177
2270 843
9521 6709
7814 6622
5150 9872
7546 783
2737 6229
845 3538
3097 1434
7544 6556
7129 5947
2389 7447
3567 1391
1123 1705
3506 493
3466 1328
6064 9619
4662 7855
6347 448
3837 4419
1530 6208
8638 3341
8137 2702
7188 2478
7702 1443
8397 4459
7683 5142
2383 6591
3828 6610
2920 7032
3045 8673
3576 6646
867 4002
4021 6544
8837 4878
3514 9184
3768 2506
9816 9118
2743 5150
4710 3380
4851 5707
9839 7202
1605 6720
2905 8278
8403 4188
2225 3932
9793 6110
9132 6365
452 3121
5760 6862
4017 6888
3132 8285
5806 8462
3293 6018
6319 9629
2747 5543
7858 7834
1495 3540
2541 403
4427 7247
4607 5546
2763 9560
3395 4923
6904 4142
9813 9990
2102 4618
9080 8991
5600 5925
1823 3419
2824 1877
5252 7795
2261 8797
9490 6494
4372 1261
3454 7421
6652 6226
3599 3319
9643 3111
6138 5321
7949 607
3549 4948
3035 5456
2176 5704
4335 9323
6470 4553
2816 4448
7253 1131
4553 8631
5664 619
145 9205
5752 4067
8149 6545
5046 4208
3342 9251
9511 1127
7377 7311
2191 3941
6004 2670
8442 1623
8035 825
9760 7595
5857 258
1255 7515
7182 9
1539 9867
7031 1469
3879 4666
7450 5243
5866 1171
9313 3377
3128 8860
8147 4474
4480 208
4396 4166
9946 401
2266 9701
460 1920
5527 8782
1825 371
1581 8531
6769 5104
1153 2257
6620 7506
3637 6254
1356 1687
3140 7492
7878 6143
8055 4378
5116 1818
3051 3618
8165 408
5943 7007
8487 7222
5139 6964
2000 98
5809 5664
460 5409
1476 8490
1090 3836
1019 988
8235 9712
6254 7096
946 1320
9668 6021
3849 2966
7834 4667
3697 1932
6134 9776
3049 8618
3829 1467
4259 1711
6624 8525
9649 965
9441 940
2734 9211
7811 8536
582 6315
5815 6130
4174 1974
8578 4488
2742 565
4205 4781
1413 4252
557 2596
90 1457
5661 42
110 2864
9327 1626
1747 755
9891 4126
3417 2388
1906 2192
8125 7437
5132 5991
560 4719
9842 4782
9501 536
6972 7676
250 2925
8581 4010
7487 4352
5874 1528
4476 4725
9971 8569
6914 3391
5620 4382
3478 9892
9686 9219
2412 3253
4812 8856
4009 1915
321 4494
4113 9607
5592 8046
7860 7364
3232 8910
9330 4553
6074 4432
4763 2240
814 9365
2116 5253
1069 8649
4841 4777
2776 7251
947 4886
7186 264
1857 2500
9093 1058
2497 7985
433 1446
977 9859
6154 3651
4276 4561
1630 9285
7954 4055
131 723
9090 235
1170 1938
3040 9601
382 8493
2572 9717
5860 459
6586 4287
8429 1032
8040 8999
8049 2281
