6
40 505 10
18 29 38 22 24 17 19 19 15 19 25 25 26 28 37 16 18 18 18 30 22 18 37 20 24 39 30 28 22 29 27 39 30 29 23 29 23 22 19 25 
24 21 28 22 22 30 22 20 28 23 29 22 28 29 27 30 30 23 24 22 29 22 28 24 29 23 24 30 23 21 26 20 26 26 23 23 22 28 28 29 
39 476 11
38 39 15 24 24 26 32 19 15 30 19 26 19 16 35 18 26 31 40 30 31 20 21 35 39 32 37 15 23 23 28 37 37 39 38 34 24 26 26 
22 20 20 23 30 25 29 26 28 22 27 24 20 26 21 24 20 25 28 25 25 26 22 30 20 22 24 21 22 21 20 24 23 29 21 27 29 28 26 
27 579 15
16 19 29 38 26 32 34 16 40 37 40 19 39 28 28 38 21 15 27 19 19 15 27 34 26 15 37 
27 28 21 29 26 25 23 25 28 29 26 22 30 22 21 24 23 26 22 30 27 30 30 28 30 28 24 
34 481 13
21 39 31 39 34 32 39 15 38 26 32 39 32 23 21 39 40 38 19 33 36 36 24 31 33 30 31 39 23 17 30 35 17 21 
28 21 23 25 24 22 24 26 29 26 22 30 29 20 27 20 28 28 26 27 23 28 30 28 26 30 22 20 29 27 26 23 29 20 
26 698 9
20 15 25 18 30 27 38 15 32 17 18 25 16 19 32 26 33 23 21 22 39 20 27 20 32 20 
24 24 29 30 24 25 25 30 23 20 23 25 26 28 27 27 23 23 24 29 28 28 22 20 21 27 
28 589 10
35 24 16 35 20 31 20 38 27 20 22 27 20 39 36 20 20 30 34 30 25 26 31 40 17 26 19 26 
29 30 28 21 28 21 29 21 23 29 25 22 22 30 21 21 26 28 24 28 30 30 25 20 25 29 27 24 
