6
30 414 13
18 34 22 37 29 29 34 20 31 20 17 27 23 24 34 39 22 18 18 28 23 35 30 18 39 21 31 34 27 19 
20 25 30 24 30 30 22 25 30 27 23 25 22 21 20 24 24 30 28 24 28 28 29 22 22 22 22 25 23 30 
28 602 6
29 39 32 30 22 36 31 37 26 21 37 18 30 40 33 36 21 24 25 23 36 35 29 24 38 16 25 25 
20 30 28 27 30 29 20 26 27 20 23 25 26 27 23 25 23 21 27 29 25 22 28 30 25 26 24 21 
26 689 12
40 31 23 33 39 39 40 15 26 25 23 32 21 17 38 39 39 37 18 25 22 21 39 26 27 37 
22 28 28 30 25 20 28 23 25 25 25 25 26 23 21 21 27 20 27 28 29 30 22 21 23 26 
28 664 17
23 38 28 27 17 33 22 16 24 28 23 29 33 15 22 22 15 33 24 29 21 30 23 28 19 16 27 35 
30 30 21 24 26 28 28 28 21 27 25 24 27 26 26 26 23 23 26 28 28 26 20 25 21 20 30 21 
26 588 9
27 39 36 37 26 20 26 37 32 36 24 23 27 24 34 36 20 15 38 33 17 28 15 16 34 31 
23 30 22 23 27 25 26 25 20 22 21 26 23 20 25 21 26 20 24 27 22 26 25 20 26 30 
29 700 10
24 28 19 25 15 24 25 20 27 18 15 26 23 17 40 40 16 32 15 30 34 22 26 21 23 22 21 15 15 
26 24 29 26 24 25 23 26 27 20 24 21 27 28 22 25 24 24 24 20 22 27 27 30 26 21 23 24 27 
