8
35 825 6
43 48 42 49 40 42 46 48 47 46 45 50 41 42 42 47 50 42 45 50 43 42 47 46 50 50 46 41 48 45 42 49 40 41 46 
23 23 23 20 24 30 21 22 21 20 21 26 24 21 26 26 25 29 29 24 24 25 20 30 20 22 27 26 28 27 26 30 28 26 21 
36 565 19
47 43 48 47 40 44 50 50 48 46 42 48 43 42 49 49 49 41 46 48 43 43 47 40 48 47 47 46 49 43 40 50 50 45 49 45 
28 20 26 22 22 24 22 22 25 25 24 22 28 24 23 29 29 24 25 26 30 26 26 21 27 27 25 25 20 29 22 27 22 20 30 22 
47 660 6
43 50 44 40 45 48 49 44 50 48 47 50 48 42 50 45 50 44 48 42 46 49 41 42 47 40 44 50 46 40 41 49 42 42 40 47 49 46 45 41 48 47 50 46 41 45 48 
29 25 29 30 22 22 25 21 20 21 29 21 29 25 28 26 26 30 30 28 20 26 28 20 26 24 26 22 30 22 22 30 22 22 30 24 30 23 23 26 27 29 24 30 23 20 30 
43 680 15
48 46 44 44 49 41 43 47 45 43 47 48 45 48 42 48 49 40 48 47 49 48 40 45 45 40 44 48 40 50 48 50 50 43 45 41 40 44 43 48 45 43 40 
30 25 23 22 24 28 30 28 30 28 21 27 20 24 30 24 28 27 28 24 28 29 24 26 26 24 30 25 28 28 23 24 27 30 29 24 23 29 29 26 23 23 30 
30 553 20
43 47 45 48 46 43 47 42 42 44 47 47 42 44 49 49 47 50 43 50 43 49 43 44 41 40 43 42 46 40 
28 30 23 25 24 26 22 29 20 25 30 24 25 28 23 20 27 20 30 24 29 23 23 23 20 30 20 29 21 28 
46 859 5
48 47 45 50 43 40 42 41 49 45 49 41 41 49 50 48 49 46 42 40 44 47 49 41 49 40 50 47 43 49 49 44 49 47 45 40 43 45 47 48 45 41 42 42 44 41 
29 26 28 23 30 28 22 25 24 24 22 29 26 21 21 24 25 23 28 27 21 27 27 20 22 21 30 23 23 28 27 21 29 23 20 23 28 28 26 20 28 21 24 20 29 27 
52 866 15
42 46 48 42 45 44 42 40 45 50 48 40 45 43 47 50 46 42 42 45 44 42 45 45 41 45 46 40 46 47 43 40 41 47 50 44 43 48 49 48 47 40 42 45 49 50 47 45 50 47 44 48 
28 21 27 25 25 20 30 29 21 29 22 29 20 29 24 27 25 28 21 25 21 29 23 20 20 25 23 22 24 26 29 30 30 30 30 29 20 20 20 30 27 23 29 23 27 21 25 30 22 26 22 21 
44 619 12
41 45 49 41 49 41 46 43 46 45 40 40 44 45 50 46 43 40 48 41 45 45 46 44 49 50 47 46 48 50 45 50 50 41 40 44 50 44 46 41 49 44 46 50 
29 24 29 25 21 27 23 20 22 23 24 22 20 29 23 29 21 27 22 24 22 21 21 30 20 23 22 26 28 22 23 20 24 21 21 22 24 29 24 23 24 21 23 26 
