25
91 783 21
43 44 48 40 46 40 41 43 48 49 50 41 43 42 42 45 48 50 45 45 41 40 45 44 50 47 42 46 40 45 41 41 48 42 47 40 47 49 47 49 49 43 48 46 49 41 48 43 45 46 48 47 42 50 48 41 46 46 48 47 50 46 45 43 46 46 46 48 40 42 44 45 44 44 48 48 43 42 42 41 43 48 44 40 48 41 42 46 48 47 46 
40 30 38 31 39 33 33 34 34 36 38 31 40 36 39 40 35 40 33 32 37 34 31 33 40 32 36 35 34 36 33 39 32 40 36 35 32 40 38 35 37 34 34 37 34 30 39 35 37 31 31 32 36 40 30 34 39 32 30 33 39 31 33 36 30 34 38 35 38 40 33 32 31 34 37 36 30 39 37 39 30 37 39 33 31 31 40 37 32 33 35 
84 855 30
45 40 41 46 44 50 46 47 45 49 46 48 45 40 41 42 48 48 47 41 47 49 47 46 48 45 42 50 48 42 45 45 45 50 40 40 47 50 40 41 46 46 40 47 48 40 49 44 44 48 40 45 46 47 44 43 49 48 45 49 40 43 45 50 46 40 45 49 41 50 43 42 47 48 43 50 49 44 44 40 49 46 42 46 
33 38 35 34 32 38 35 30 31 32 40 34 31 33 36 31 36 36 35 33 39 30 30 31 37 34 35 32 34 32 40 33 32 31 40 30 31 39 33 39 34 36 31 38 38 36 35 39 39 34 35 34 32 34 38 40 36 36 30 35 37 39 40 36 32 30 31 37 40 38 33 34 35 31 36 40 39 36 35 34 31 32 31 37 
92 763 29
43 50 49 40 40 43 44 49 49 49 48 48 50 47 47 46 46 49 45 43 44 49 48 40 41 49 41 43 48 43 47 41 41 50 45 43 43 45 40 49 47 45 44 48 50 45 43 43 44 44 47 48 48 40 41 50 49 45 42 50 44 41 46 45 43 40 46 46 41 48 45 46 41 48 40 48 40 44 41 47 47 45 42 44 42 46 42 48 40 46 43 47 
30 34 30 34 38 30 33 40 33 39 35 37 35 39 38 32 31 33 38 33 34 33 37 39 39 39 33 40 36 36 32 39 36 34 30 30 40 39 30 32 37 31 39 35 33 32 33 33 40 36 31 30 32 40 39 30 31 36 31 37 39 32 34 30 31 34 35 40 40 31 31 31 40 32 33 40 38 37 36 30 35 31 33 30 34 40 35 36 30 32 30 33 
71 739 27
48 45 50 50 40 45 48 44 49 49 40 50 46 50 48 42 48 42 47 41 43 49 43 48 45 48 43 42 50 44 47 41 43 45 41 40 47 48 45 48 40 41 48 45 46 43 46 41 46 40 46 40 49 48 49 45 48 48 45 47 45 40 44 42 40 45 50 47 43 41 50 
38 40 40 32 38 38 36 39 35 39 38 33 38 40 32 39 33 39 31 35 31 33 32 34 33 32 32 36 40 33 34 31 30 30 33 37 38 32 39 33 39 30 32 34 30 32 33 36 38 30 32 30 36 31 34 36 36 38 40 38 39 32 39 35 34 35 37 34 31 33 37 
74 859 25
41 46 41 48 43 42 46 42 40 48 43 48 50 50 50 40 42 47 50 47 50 44 45 44 45 45 43 42 47 50 50 42 44 49 47 45 42 43 44 43 43 41 44 44 43 43 49 48 41 44 40 50 40 43 42 43 47 47 44 40 48 43 44 49 41 40 40 49 44 40 44 40 48 40 
40 36 31 32 37 34 35 31 33 37 32 34 33 36 33 32 40 30 36 36 37 37 34 38 35 35 40 34 38 31 35 30 36 32 30 40 32 31 33 39 34 39 38 39 39 31 30 38 30 33 37 33 32 33 30 32 31 33 32 36 34 39 37 38 32 35 34 30 33 30 36 37 34 36 
83 705 27
40 40 47 42 44 48 43 48 45 44 46 50 43 46 46 44 41 50 44 42 45 45 48 47 40 47 40 49 43 43 48 49 41 50 48 40 41 40 40 43 48 43 46 48 47 44 41 45 47 43 42 42 48 43 45 46 44 42 43 42 43 44 43 42 42 40 49 47 40 41 43 50 50 40 50 46 42 48 47 42 45 48 46 
36 36 40 35 39 38 32 35 35 33 33 38 36 33 30 31 37 39 37 38 30 31 39 34 39 34 40 34 40 40 32 35 36 34 30 40 36 34 34 37 40 35 31 30 35 36 36 31 34 34 30 33 37 38 32 39 39 35 32 33 34 35 30 33 38 36 32 39 31 37 37 35 38 30 30 40 32 35 33 37 33 33 34 
87 783 22
50 41 47 41 50 50 44 47 45 43 42 50 46 48 43 43 44 48 49 43 41 46 40 44 45 49 44 43 44 43 45 48 41 40 42 40 41 49 46 41 45 49 44 44 49 42 45 44 47 43 48 46 42 46 44 48 49 50 42 45 50 46 43 49 44 46 45 43 48 47 43 44 50 48 46 50 47 41 41 42 50 43 42 41 40 46 47 
32 31 37 30 37 34 32 31 40 31 31 34 35 39 40 37 33 37 37 40 39 34 31 32 38 39 36 35 33 36 38 35 30 33 40 38 32 38 38 37 37 32 31 39 39 35 36 30 40 40 32 37 31 32 40 32 35 35 38 35 34 38 32 35 31 37 35 32 37 32 30 31 34 30 40 36 34 40 35 34 38 35 39 37 37 38 32 
87 862 21
47 47 42 44 45 46 49 42 49 47 49 44 50 42 43 44 43 41 44 42 46 45 44 47 49 49 40 41 43 45 47 50 50 40 47 41 43 49 41 48 41 40 45 41 47 47 43 46 42 50 43 42 41 49 50 42 43 45 45 47 50 46 49 40 46 49 47 42 44 42 43 46 48 43 43 48 45 48 48 44 50 42 45 45 46 40 50 
40 33 35 36 37 38 37 32 39 30 38 39 30 30 33 35 32 30 32 40 39 31 32 31 40 38 33 30 33 37 38 33 39 38 38 32 30 30 34 35 38 39 34 34 38 37 32 40 30 38 38 40 40 33 32 31 30 37 35 40 39 38 34 34 32 30 34 33 36 30 34 30 36 30 31 37 35 39 39 38 36 32 30 35 34 36 38 
78 767 29
45 48 48 48 46 42 47 45 41 47 41 45 42 46 49 44 43 40 40 46 42 43 48 46 40 49 42 47 43 48 42 43 50 49 43 41 45 44 44 45 42 48 42 40 42 46 50 40 48 44 40 49 43 46 49 48 40 46 42 47 47 46 47 40 44 50 43 44 40 46 40 46 44 40 42 48 44 42 
37 40 33 36 30 36 32 34 36 37 37 35 37 39 39 33 37 34 36 37 39 36 33 38 30 31 37 40 38 38 35 36 33 36 32 39 38 34 30 37 34 39 30 34 37 36 39 40 36 36 37 34 39 36 35 36 34 30 32 36 30 33 37 31 31 40 39 39 39 37 40 33 30 30 38 31 34 34 
77 780 21
46 44 43 49 48 48 48 41 44 48 49 46 48 46 41 50 50 48 48 48 50 46 40 46 48 47 48 43 43 42 41 42 41 40 47 42 44 43 44 46 43 45 41 45 48 46 42 42 50 48 40 45 42 48 41 45 40 45 50 42 49 47 44 45 48 42 50 45 43 40 46 49 43 47 48 47 44 
37 36 36 31 40 36 36 33 38 38 36 34 37 40 37 33 31 33 39 37 38 30 38 38 34 39 33 33 30 33 37 40 37 37 36 32 40 33 31 34 37 32 33 32 35 37 37 34 39 30 33 35 39 30 30 40 33 38 37 38 37 37 40 40 40 33 30 32 37 34 38 35 36 37 40 34 37 
85 882 29
49 47 43 50 46 45 45 42 45 45 49 47 47 44 45 45 40 45 47 43 41 43 50 49 42 50 45 48 41 50 50 44 43 41 40 47 43 50 49 47 41 41 45 46 50 43 40 48 45 50 43 49 41 47 41 44 47 49 47 47 45 41 48 42 49 47 43 49 45 49 47 42 49 45 48 44 46 44 50 41 47 45 46 43 42 
36 34 35 38 35 40 36 35 40 31 33 36 37 35 37 39 35 31 37 39 34 38 34 30 36 32 36 40 38 38 32 32 31 31 32 30 38 38 31 30 32 31 36 31 33 36 40 35 33 36 30 38 39 34 40 30 32 32 30 32 33 40 35 39 33 34 32 38 34 33 36 40 30 31 34 32 38 37 32 30 33 31 33 39 32 
74 890 30
45 46 49 45 49 40 41 46 40 40 46 44 40 40 45 50 42 43 46 50 47 49 45 41 40 46 44 40 46 44 42 42 50 47 44 42 46 46 45 42 48 40 42 50 48 49 44 42 50 42 44 45 46 46 43 48 47 41 41 41 41 43 44 49 46 41 41 49 47 49 50 48 46 45 
31 37 39 34 38 40 32 36 35 30 32 34 38 37 40 31 32 32 36 37 36 36 40 33 38 31 38 39 32 32 34 38 35 40 32 33 33 34 34 38 37 35 39 40 36 38 37 30 39 36 38 37 30 33 34 36 35 37 30 30 37 30 39 34 39 32 39 31 34 36 35 37 39 32 
99 719 26
41 40 40 50 49 50 41 45 40 47 42 50 47 40 44 48 41 46 49 44 48 45 40 44 44 40 44 48 46 48 48 43 40 42 43 41 49 47 41 50 48 47 49 43 48 48 46 44 49 45 45 43 48 44 47 42 47 48 43 49 44 40 44 42 48 50 40 45 47 41 46 43 40 45 48 47 42 42 46 40 44 40 43 49 46 43 46 47 40 50 50 40 48 49 47 40 43 45 49 
33 30 30 39 30 36 30 30 31 35 32 35 31 35 40 40 33 33 31 37 36 33 36 35 37 36 39 35 30 34 33 38 38 30 40 35 33 33 33 34 30 35 30 31 38 38 33 30 37 32 39 36 31 31 40 34 40 30 31 34 35 37 33 30 30 32 33 37 34 35 34 35 39 39 38 31 33 34 40 34 31 30 32 40 38 34 32 34 40 30 38 30 40 34 35 35 37 39 33 
72 749 21
42 44 42 50 47 43 48 45 45 49 48 50 42 42 46 42 50 48 46 46 43 47 40 40 42 43 40 50 44 47 43 47 46 41 42 40 46 43 44 47 46 44 45 43 41 42 48 40 43 41 48 48 43 42 46 46 41 47 40 40 42 43 44 41 44 42 46 43 47 47 42 47 
39 34 35 32 30 36 31 40 32 32 37 40 34 39 32 34 36 40 40 34 37 36 35 31 30 37 34 30 31 30 36 40 40 39 33 38 30 32 36 33 36 35 31 34 39 40 32 36 40 40 40 38 36 31 35 35 30 30 39 39 35 31 40 33 39 36 35 32 33 37 40 37 
85 813 29
40 43 48 48 44 46 44 41 42 48 44 45 45 45 47 40 41 48 48 48 44 40 41 49 50 42 48 42 49 41 43 49 46 47 43 43 42 41 45 43 43 44 49 40 46 50 44 44 41 40 50 43 44 40 45 45 47 41 43 46 48 48 41 49 43 46 50 43 42 43 47 49 50 41 44 50 49 46 46 43 42 43 41 44 46 
35 31 36 40 32 36 39 37 33 38 38 36 35 35 38 32 33 38 40 40 31 36 35 40 40 39 31 37 38 31 37 33 33 39 37 39 34 30 38 40 39 37 34 33 37 30 36 39 39 37 32 38 36 30 35 39 36 31 30 31 37 34 32 36 36 33 34 30 31 33 34 34 40 35 36 35 35 33 35 36 35 30 30 32 39 
76 859 29
50 46 48 40 43 43 42 45 50 49 42 41 45 41 46 49 50 41 49 41 47 49 40 48 49 45 48 45 43 50 40 48 40 42 49 41 50 44 46 50 43 41 40 40 40 40 47 41 42 42 44 45 41 43 47 48 40 42 48 40 50 47 41 44 41 45 49 48 40 49 47 45 43 47 40 44 
30 35 33 30 34 38 40 39 34 33 31 38 39 32 33 35 34 38 37 37 30 39 30 31 34 39 40 33 30 35 40 31 37 36 35 30 38 34 35 30 34 37 33 34 39 31 33 38 40 35 35 34 34 37 32 32 39 30 37 39 39 36 30 38 32 30 35 39 36 36 32 32 34 37 31 30 
100 779 28
49 41 43 48 41 47 48 45 46 43 42 41 42 50 48 49 49 42 50 43 42 44 49 40 49 47 42 46 44 41 42 48 49 43 44 40 49 46 46 47 43 50 44 45 40 40 40 49 49 45 41 49 41 40 42 42 49 42 41 45 47 48 42 47 40 46 44 41 41 42 48 50 41 45 47 49 50 45 41 40 40 40 47 47 44 42 50 41 46 42 47 48 42 42 44 48 41 47 48 49 
33 36 39 32 35 40 38 37 39 31 40 30 32 32 40 30 40 36 39 34 40 37 34 32 35 30 31 37 35 33 32 30 37 30 38 30 32 39 35 31 35 37 32 40 37 36 36 39 32 35 38 37 40 37 40 32 30 38 31 35 37 39 30 30 33 36 36 40 32 39 32 33 35 31 31 30 35 32 38 34 31 38 39 40 37 37 38 30 31 35 40 36 34 40 33 34 32 32 34 34 
88 717 22
47 40 46 45 43 46 41 49 40 41 44 45 46 49 48 41 46 44 45 43 40 50 50 40 45 43 45 48 46 50 49 40 49 50 44 44 50 50 50 50 46 42 41 43 40 46 41 47 44 43 50 50 44 47 47 46 41 41 40 49 47 47 40 46 50 47 50 41 40 41 50 40 48 48 47 46 47 41 47 48 40 45 46 42 47 48 41 48 
30 32 35 32 39 38 30 33 31 34 37 39 33 31 33 40 33 39 30 30 39 39 40 33 40 34 32 31 34 32 33 35 33 34 34 36 31 33 36 30 34 37 40 36 36 32 30 36 32 33 34 40 35 38 33 39 37 40 33 40 36 34 40 40 35 37 35 30 35 32 34 36 32 35 33 40 33 30 38 34 40 40 36 34 33 30 37 34 
82 792 24
46 43 50 48 45 50 49 40 48 41 47 42 49 45 41 43 40 45 46 47 40 42 41 41 41 48 44 45 44 48 47 45 44 50 45 43 50 50 47 49 44 47 43 44 45 46 44 50 41 43 41 50 48 47 42 50 44 49 41 42 46 45 41 44 45 42 50 42 49 46 47 47 46 40 45 46 50 48 41 49 41 43 
31 36 38 30 30 40 33 34 40 37 40 32 31 39 37 39 33 36 30 30 37 40 40 35 33 32 40 34 39 33 35 40 40 31 30 39 31 37 34 31 40 32 30 40 38 34 32 35 31 31 39 30 37 32 39 38 34 33 35 39 34 37 34 32 36 33 40 36 34 33 38 36 37 36 33 30 37 40 40 31 34 39 
70 706 21
44 42 42 44 44 50 45 41 45 47 50 45 43 44 45 40 42 40 42 43 43 45 50 47 48 47 41 49 40 45 44 44 43 43 42 43 43 42 43 40 50 48 40 48 48 46 44 43 42 42 50 46 45 44 46 42 45 46 46 44 40 46 42 49 50 44 49 50 45 50 
37 30 35 36 34 40 40 36 40 32 39 36 35 31 35 37 33 31 38 37 34 38 34 36 38 31 30 40 32 30 39 39 33 40 40 40 32 33 32 31 33 40 31 35 39 35 39 36 37 39 32 35 34 38 40 39 32 38 40 39 34 39 40 31 33 31 38 40 32 38 
86 885 29
41 44 50 49 46 47 47 48 41 49 49 50 45 42 41 42 45 46 46 47 46 46 49 50 50 41 48 40 44 44 47 48 46 43 45 49 44 44 47 46 47 42 50 44 49 40 47 41 43 44 47 42 45 42 47 49 47 40 47 42 45 50 42 41 48 42 50 48 41 42 45 48 45 49 42 40 50 46 49 44 45 41 50 41 46 49 
39 40 37 36 40 35 39 32 32 34 33 34 30 36 31 34 40 30 31 39 36 39 40 40 38 32 36 32 32 33 37 37 38 38 35 34 39 35 39 39 35 31 38 37 38 34 39 31 38 35 31 36 30 35 39 38 30 40 37 30 33 34 36 39 32 39 35 36 40 31 40 33 32 30 31 37 38 36 32 37 40 37 31 33 32 39 
98 801 26
42 44 44 49 45 41 46 42 48 43 45 46 44 41 47 43 50 49 45 49 45 42 47 43 45 43 42 45 50 42 48 42 40 43 46 46 40 41 47 42 48 48 50 49 44 44 48 44 50 47 41 46 45 47 47 48 44 50 46 46 42 41 49 41 47 46 49 42 41 47 40 48 44 45 49 40 48 50 49 40 44 48 43 50 50 43 49 43 40 44 50 41 44 50 49 48 48 41 
31 30 36 40 34 39 35 33 31 31 34 38 38 39 35 34 36 36 32 30 36 30 39 33 38 36 38 34 37 35 34 40 37 38 34 32 32 38 31 35 37 36 38 38 39 36 30 35 31 30 32 36 33 34 33 34 35 33 39 32 36 31 33 36 32 33 33 30 35 39 31 32 32 31 35 36 39 33 38 32 37 30 40 36 37 40 40 39 37 38 35 32 32 35 39 30 37 36 
70 813 22
41 41 47 44 42 46 41 50 45 42 47 50 40 44 48 45 47 44 45 49 41 48 44 46 48 45 44 41 42 44 43 40 45 41 46 43 50 49 49 48 46 49 49 50 44 50 50 50 44 40 41 46 41 47 41 47 49 42 49 48 48 41 44 43 43 44 44 45 41 50 
37 31 35 38 40 34 35 35 34 33 30 40 37 34 30 34 33 36 36 35 40 32 35 30 39 38 30 33 34 30 31 32 36 37 30 35 32 39 36 40 33 31 39 40 36 36 34 36 31 36 36 39 37 30 36 38 32 34 34 34 34 39 38 38 40 33 31 37 39 37 
95 803 20
44 50 44 44 46 45 48 47 43 45 41 46 45 41 41 50 42 50 48 41 46 45 44 50 44 47 40 41 45 41 46 48 47 44 41 45 49 50 48 44 47 50 50 50 49 43 45 42 45 42 40 40 50 45 48 47 45 42 44 46 41 45 43 50 48 48 40 49 45 41 43 40 41 46 49 42 43 50 46 44 40 48 49 49 43 42 43 44 50 48 46 44 46 49 46 
34 38 30 35 34 32 36 33 36 34 30 35 34 36 31 31 39 33 36 38 34 33 33 33 40 30 30 39 34 31 38 33 36 32 30 32 30 30 34 32 33 38 35 31 37 40 37 34 30 32 33 34 37 31 36 39 32 39 34 40 40 31 34 30 35 39 36 36 31 33 38 34 40 37 36 36 35 32 38 35 32 33 33 30 39 32 35 38 34 36 31 35 34 36 35 
90 813 25
45 47 42 48 45 46 42 50 45 45 48 40 41 47 49 41 43 42 43 45 48 47 47 40 40 40 47 50 49 45 49 42 44 42 45 47 42 41 50 41 47 42 46 42 42 45 49 50 47 46 47 43 50 40 40 42 40 49 47 40 40 45 47 50 46 50 47 46 48 46 41 43 40 44 43 43 50 49 44 44 47 47 49 45 41 41 48 49 47 50 
30 38 36 34 31 38 30 39 34 31 37 34 36 31 36 40 39 37 35 40 36 39 35 36 33 39 36 38 34 31 30 35 31 34 33 38 30 39 36 35 40 37 38 30 30 40 36 32 32 37 36 37 31 31 37 31 34 30 32 34 33 35 37 31 31 35 34 36 34 37 37 39 30 31 33 32 34 39 36 34 35 34 32 31 37 31 33 36 39 40 
